   ascent_alt ascent_tempC
     452.0        5.0
     470.0        4.8
     462.0        4.6
     469.0        4.6
     474.0        4.6
     473.0        4.5
     471.0        4.5
     472.0        4.5
     471.0        4.5
     471.0        4.4
     472.0        4.4
     470.0        4.4
     471.0        4.3
     472.0        4.3
     473.0        4.3
     475.0        4.3
     475.0        4.3
     475.0        4.3
     475.0        4.3
     475.0        4.3
     475.0        4.3
     481.0        4.3
     487.0        4.3
     490.0        4.2
     492.0        4.2
     493.0        4.1
     494.0        4.1
     494.0        4.1
     496.0        4.1
     495.0        4.1
     494.0        4.0
     493.0        3.9
     492.0        3.9
     494.0        3.9
     498.0        3.9
     498.0        3.9
     498.0        3.8
     498.0        3.8
     498.0        3.8
     498.0        3.7
     498.0        3.7
     498.0        3.7
     499.0        3.8
     499.0        3.7
     500.0        3.7
     500.0        3.8
     500.0        3.8
     500.0        3.8
     500.0        3.8
     501.0        3.8
     501.0        3.8
     501.0        3.8
     501.0        3.8
     501.0        3.7
     501.0        3.6
     501.0        3.5
     501.0        3.5
     501.0        3.4
     501.0        3.3
     501.0        3.3
     501.0        3.3
     501.0        3.3
     501.0        3.3
     501.0        3.3
     501.0        3.3
     501.0        3.3
     501.0        3.3
     501.0        3.4
     501.0        3.4
     502.0        3.5
     502.0        3.5
     502.0        3.5
     502.0        3.6
     502.0        3.6
     502.0        3.6
     501.0        3.6
     501.0        3.6
     500.0        3.6
     500.0        3.6
     500.0        3.6
     500.0        3.6
     499.0        3.7
     496.0        3.7
     494.0        3.8
     495.0        3.8
     495.0        3.7
     495.0        3.7
     495.0        3.6
     495.0        3.6
     495.0        3.6
     495.0        3.6
     495.0        3.6
     495.0        3.7
     495.0        3.7
     495.0        3.9
     494.0        4.0
     494.0        4.0
     493.0        4.0
     494.0        4.0
     495.0        4.0
     495.0        4.0
     496.0        4.1
     496.0        4.1
     497.0        4.1
     497.0        4.1
     497.0        4.0
     497.0        4.0
     497.0        4.0
     497.0        4.0
     497.0        4.0
     497.0        3.9
     499.0        4.0
     500.0        4.0
     501.0        4.0
     501.0        3.9
     501.0        3.9
     501.0        3.8
     501.0        3.8
     500.0        3.8
     500.0        3.8
     500.0        3.8
     500.0        3.8
     500.0        3.8
     500.0        3.9
     500.0        3.8
     500.0        3.8
     500.0        3.9
     500.0        3.8
     500.0        3.8
     500.0        3.8
     501.0        3.8
     502.0        3.8
     504.0        3.8
     502.0        3.8
     501.0        3.7
     501.0        3.8
     501.0        3.8
     501.0        3.8
     501.0        3.7
     501.0        3.8
     501.0        3.8
     501.0        3.8
     501.0        3.8
     501.0        3.8
     501.0        3.8
     501.0        3.8
     501.0        3.9
     501.0        3.9
     501.0        3.9
     501.0        3.8
     501.0        3.8
     501.0        3.8
     501.0        3.8
     501.0        3.7
     501.0        3.7
     501.0        3.6
     501.0        3.6
     501.0        3.5
     501.0        3.5
     501.0        3.5
     501.0        3.5
     501.0        3.5
     501.0        3.5
     501.0        3.5
     501.0        3.5
     501.0        3.5
     501.0        3.5
     501.0        3.5
     501.0        3.5
     501.0        3.5
     501.0        3.5
     501.0        3.5
     501.0        3.5
     501.0        3.5
     501.0        3.4
     501.0        3.5
     501.0        3.5
     501.0        3.4
     500.0        3.5
     501.0        3.5
     501.0        3.5
     501.0        3.5
     501.0        3.5
     501.0        3.6
     501.0        3.6
     501.0        3.5
     501.0        3.5
     501.0        3.4
     501.0        3.3
     501.0        3.3
     501.0        3.3
     501.0        3.3
     501.0        3.2
     501.0        3.3
     501.0        3.3
     501.0        3.3
     501.0        3.3
     501.0        3.3
     501.0        3.3
     501.0        3.3
     501.0        3.3
     501.0        3.3
     501.0        3.3
     501.0        3.3
     501.0        3.3
     501.0        3.4
     501.0        3.4
     501.0        3.4
     501.0        3.4
     501.0        3.4
     501.0        3.4
     501.0        3.5
     500.0        3.5
     500.0        3.5
     500.0        3.5
     500.0        3.6
     500.0        3.6
     500.0        3.6
     501.0        3.6
     501.0        3.6
     501.0        3.6
     500.0        3.6
     500.0        3.6
     501.0        3.6
     501.0        3.6
     500.0        3.5
     500.0        3.5
     500.0        3.5
     500.0        3.5
     500.0        3.4
     500.0        3.3
     500.0        3.3
     500.0        3.3
     500.0        3.3
     500.0        3.3
     500.0        3.3
     502.0        3.3
     504.0        3.3
     505.0        3.3
     506.0        3.3
     506.0        3.3
     506.0        3.3
     506.0        3.2
     505.0        3.3
     505.0        3.3
     505.0        3.3
     504.0        3.3
     504.0        3.3
     504.0        3.3
     504.0        3.3
     504.0        3.3
     504.0        3.3
     504.0        3.3
     504.0        3.4
     504.0        3.4
     504.0        3.4
     504.0        3.4
     503.0        3.4
     503.0        3.4
     503.0        3.4
     503.0        3.4
     503.0        3.4
     503.0        3.4
     503.0        3.3
     503.0        3.3
     503.0        3.3
     503.0        3.3
     503.0        3.4
     503.0        3.4
     503.0        3.4
     503.0        3.4
     502.0        3.4
     502.0        3.5
     502.0        3.5
     502.0        3.5
     502.0        3.5
     502.0        3.5
     501.0        3.5
     501.0        3.5
     501.0        3.5
     501.0        3.5
     501.0        3.5
     501.0        3.5
     501.0        3.5
     500.0        3.5
     500.0        3.6
     500.0        3.6
     500.0        3.6
     500.0        3.6
     501.0        3.6
     501.0        3.7
     501.0        3.7
     501.0        3.7
     501.0        3.7
     501.0        3.7
     501.0        3.8
     501.0        3.8
     501.0        3.8
     501.0        3.8
     500.0        3.8
     500.0        3.8
     500.0        3.8
     500.0        3.7
     500.0        3.6
     500.0        3.6
     500.0        3.6
     500.0        3.5
     500.0        3.5
     500.0        3.5
     500.0        3.5
     500.0        3.4
     500.0        3.4
     500.0        3.5
     500.0        3.5
     500.0        3.5
     500.0        3.5
     500.0        3.5
     500.0        3.5
     500.0        3.5
     500.0        3.5
     500.0        3.5
     500.0        3.6
     500.0        3.6
     500.0        3.6
     500.0        3.6
     500.0        3.6
     500.0        3.5
     500.0        3.5
     500.0        3.5
     500.0        3.5
     500.0        3.5
     500.0        3.5
     500.0        3.5
     500.0        3.5
     500.0        3.5
     500.0        3.5
     500.0        3.5
     500.0        3.5
     500.0        3.5
     500.0        3.5
     500.0        3.5
     500.0        3.5
     500.0        3.5
     500.0        3.5
     500.0        3.5
     500.0        3.5
     500.0        3.5
     500.0        3.5
     500.0        3.5
     500.0        3.5
     500.0        3.6
     500.0        3.5
     500.0        3.6
     500.0        3.6
     500.0        3.6
     500.0        3.6
     500.0        3.5
     500.0        3.5
     500.0        3.5
     501.0        3.5
     501.0        3.5
     501.0        3.4
     501.0        3.3
     500.0        3.3
     500.0        3.3
     500.0        3.3
     500.0        3.3
     500.0        3.3
     500.0        3.3
     500.0        3.2
     500.0        3.2
     500.0        3.2
     500.0        3.2
     500.0        3.1
     500.0        3.1
     500.0        3.2
     500.0        3.2
     500.0        3.2
     500.0        3.3
     500.0        3.3
     500.0        3.3
     500.0        3.3
     500.0        3.3
     500.0        3.3
     500.0        3.4
     500.0        3.4
     500.0        3.4
     500.0        3.4
     500.0        3.4
     500.0        3.3
     500.0        3.3
     499.0        3.3
     499.0        3.3
     499.0        3.3
     499.0        3.3
     499.0        3.3
     499.0        3.3
     499.0        3.3
     499.0        3.3
     499.0        3.3
     499.0        3.3
     499.0        3.3
     499.0        3.3
     499.0        3.3
     499.0        3.3
     499.0        3.3
     499.0        3.3
     499.0        3.3
     499.0        3.3
     499.0        3.3
     499.0        3.3
     499.0        3.4
     499.0        3.4
     499.0        3.4
     499.0        3.5
     499.0        3.5
     499.0        3.5
     499.0        3.5
     499.0        3.5
     499.0        3.5
     499.0        3.5
     499.0        3.6
     499.0        3.6
     499.0        3.6
     499.0        3.7
     499.0        3.8
     499.0        3.8
     499.0        3.8
     499.0        3.7
     499.0        3.6
     499.0        3.6
     499.0        3.6
     499.0        3.7
     499.0        3.7
     499.0        3.7
     499.0        3.6
     499.0        3.6
     499.0        3.5
     499.0        3.5
     499.0        3.4
     499.0        3.4
     499.0        3.4
     499.0        3.4
     499.0        3.4
     499.0        3.3
     499.0        3.3
     498.0        3.3
     499.0        3.3
     499.0        3.3
     499.0        3.2
     499.0        3.2
     499.0        3.2
     498.0        3.1
     499.0        3.1
     499.0        3.1
     499.0        3.1
     499.0        3.1
     499.0        3.1
     499.0        3.1
     499.0        3.1
     499.0        3.1
     498.0        3.1
     498.0        3.0
     498.0        3.0
     498.0        3.0
     498.0        2.9
     498.0        2.8
     498.0        2.8
     498.0        2.8
     498.0        2.8
     498.0        2.8
     499.0        2.9
     499.0        2.8
     500.0        2.8
     503.0        2.7
     505.0        2.5
     510.0        2.3
     511.0        2.1
     514.0        1.9
     518.0        1.6
     528.0        1.4
     541.0        1.1
     552.0        0.9
     567.0        0.6
     575.0        0.3
     583.0        0.0
     589.0       -0.2
     596.0       -0.5
     605.0       -0.8
     613.0       -1.0
     621.0       -1.3
     635.0       -1.5
     651.0       -1.8
     667.0       -2.0
     679.0       -2.2
     689.0       -2.5
     695.0       -2.7
     699.0       -3.0
     703.0       -3.2
     706.0       -3.5
     709.0       -3.8
     713.0       -4.0
     717.0       -4.3
     720.0       -4.5
     724.0       -4.7
     728.0       -5.0
     732.0       -5.2
     736.0       -5.4
     709.0       -5.6
     649.0       -5.6
     645.0       -5.4
     634.0       -4.6
     635.0       -3.7
     635.0       -2.7
     639.0       -1.7
     644.0       -0.7
     649.0        0.3
     622.0        1.4
     611.0        2.5
     590.0        3.3
     587.0        4.0
     595.0        4.6
     615.0        5.4
     626.0        6.0
     636.0        6.3
     638.0        6.8
     638.0        7.0
     655.0        7.4
     556.0        7.6
     525.0        7.9
     515.0        7.9
     513.0        7.9
     518.0        7.8
     523.0        7.7
     529.0        7.9
     530.0        7.7
     533.0        7.3
     531.0        7.2
     525.0        7.1
     526.0        7.2
     527.0        7.2
     530.0        7.2
     528.0        7.3
     529.0        7.1
     532.0        7.0
     531.0        6.8
     526.0        6.8
     523.0        6.8
     522.0        6.7
     521.0        6.6
     520.0        6.3
     516.0        6.3
     513.0        6.1
     524.0        5.9
     523.0        5.7
     504.0        5.6
     473.0        5.5
     475.0        5.3
     443.0        5.1
     417.0        4.9
     396.0        4.9
     379.0        4.9
     364.0        4.8
     352.0        4.6
     345.0        4.6
     340.0        4.3
     336.0        4.0
     334.0        3.9
     332.0        3.6
     333.0        3.6
     334.0        3.4
     344.0        3.1
     365.0        2.8
     387.0        2.8
     415.0        2.6
     417.0        2.5
     401.0        2.3
     387.0        2.0
     382.0        1.8
     385.0        1.6
     399.0        1.3
     422.0        1.0
     433.0        0.6
     433.0        0.4
     393.0        0.3
     388.0        0.0
     385.0       -0.2
     383.0       -0.5
     383.0       -0.8
     384.0       -1.1
     384.0       -1.1
     393.0       -1.5
     394.0       -1.7
     394.0       -2.0
     393.0       -2.2
     388.0       -2.6
     389.0       -2.8
     390.0       -2.9
     389.0       -3.1
     387.0       -3.5
     386.0       -3.6
     391.0       -3.7
     396.0       -3.8
     389.0       -3.9
     385.0       -4.1
     387.0       -4.3
     387.0       -4.3
     389.0       -4.5
     385.0       -5.0
     383.0       -5.2
     380.0       -5.4
     383.0       -5.7
     389.0       -6.0
     393.0       -5.9
     391.0       -6.4
     397.0       -6.6
     403.0       -6.8
     411.0       -7.1
     419.0       -7.3
     421.0       -7.6
     421.0       -7.8
     421.0       -9.0
    5168.0       -9.1
    5203.0       -9.4
    5229.0       -9.6
    5264.0       -9.9
    5302.0      -10.2
    5326.0      -10.5
    5355.0      -10.6
    5389.0      -10.8
    5422.0      -11.3
    5458.0      -11.4
    5500.0      -11.8
    5533.0      -12.2
    5548.0      -12.5
    5589.0      -12.8
    5629.0      -12.9
    5660.0      -13.1
    5697.0      -13.3
    5737.0      -13.5
    5773.0      -13.8
    5805.0      -14.1
    5838.0      -14.5
    5869.0      -14.7
    5905.0      -15.0
    5933.0      -15.3
    5966.0      -15.4
    5996.0      -15.6
    6038.0      -15.8
    6068.0      -16.0
    6103.0      -16.1
    6140.0      -16.4
    6171.0      -16.5
    6197.0      -16.8
    6218.0      -16.9
    6246.0      -17.1
    6282.0      -17.3
    6314.0      -17.5
    6348.0      -17.7
    6383.0      -18.1
    6417.0      -18.4
    6449.0      -18.6
    6485.0      -19.0
    6524.0      -19.2
    6550.0      -19.3
    6584.0      -19.5
    6616.0      -19.8
    6643.0      -20.0
    6678.0      -20.1
    6710.0      -20.1
    6742.0      -20.6
    6772.0      -21.0
    6809.0      -21.2
    6720.0      -21.5
    6741.0      -21.5
    6784.0      -21.4
    6814.0      -21.6
    6850.0      -22.0
    6886.0      -22.3
    6921.0      -22.5
    6965.0      -22.9
    7001.0      -23.1
    7024.0      -23.1
    7058.0      -23.5
    7087.0      -23.6
    7129.0      -23.9
    7156.0      -24.0
    7191.0      -24.1
    7233.0      -24.5
    7266.0      -24.7
    7308.0      -25.2
    7338.0      -25.5
    7367.0      -25.7
    7401.0      -26.0
    7441.0      -26.2
    7470.0      -26.3
    7502.0      -26.5
    7527.0      -26.6
    7567.0      -26.9
    7595.0      -27.0
    7632.0      -27.0
    7661.0      -27.3
    7695.0      -27.6
    7722.0      -27.9
    7749.0      -28.1
    7780.0      -28.3
    7809.0      -28.3
    7842.0      -28.5
    7881.0      -29.0
    7918.0      -29.3
    7953.0      -29.6
    7989.0      -29.7
    8020.0      -30.0
    8048.0      -30.0
    8084.0      -30.2
    8120.0      -30.4
    8156.0      -30.5
    8189.0      -30.9
    8228.0      -31.3
    8254.0      -31.3
    8287.0      -31.6
    8314.0      -31.9
    8340.0      -31.9
    8371.0      -32.0
    8420.0      -32.2
    8447.0      -32.5
    8470.0      -32.8
    8506.0      -33.3
    8542.0      -33.5
    8565.0      -33.8
    8601.0      -34.0
    8639.0      -34.5
    8665.0      -34.8
    8696.0      -34.8
    8724.0      -35.2
    8759.0      -35.3
    8787.0      -35.6
    8817.0      -35.6
    8849.0      -35.8
    8880.0      -36.3
    8914.0      -36.5
    8948.0      -36.8
    8988.0      -37.1
    9022.0      -37.4
    9049.0      -38.0
    9078.0      -38.3
    9107.0      -38.6
    9142.0      -39.0
    9174.0      -39.0
    9204.0      -39.4
    9233.0      -39.6
    9259.0      -39.9
    9285.0      -39.8
    9311.0      -40.1
    9338.0      -40.3
    9373.0      -40.4
    9405.0      -40.8
    9441.0      -41.1
    9480.0      -41.3
    9518.0      -41.6
    9555.0      -41.6
    9587.0      -42.0
    9618.0      -42.4
    9646.0      -42.5
    9672.0      -42.9
    9706.0      -43.3
    9736.0      -43.6
    9763.0      -43.8
    9793.0      -44.1
    9821.0      -44.5
    9846.0      -44.6
    9882.0      -44.9
    9910.0      -45.1
    9943.0      -45.1
    9971.0      -45.3
    9997.0      -45.3
   10025.0      -45.5
   10054.0      -45.6
   10084.0      -45.8
   10122.0      -46.1
   10158.0      -46.5
   10188.0      -46.6
   10211.0      -46.8
   10236.0      -47.0
   10262.0      -47.2
   10288.0      -47.5
   10317.0      -47.5
   10350.0      -47.7
   10383.0      -48.1
   10407.0      -48.1
   10432.0      -48.3
   10461.0      -48.3
   10490.0      -48.5
   10525.0      -48.9
   10552.0      -49.2
   10580.0      -49.3
   10611.0      -49.5
   10640.0      -49.9
   10677.0      -50.2
   10701.0      -50.4
   10734.0      -50.8
   10763.0      -50.7
   10795.0      -51.0
   10822.0      -51.3
   10862.0      -51.8
   10898.0      -52.0
   10931.0      -52.3
   10959.0      -52.4
   11002.0      -52.6
   11038.0      -53.1
   11053.0      -53.5
   11075.0      -53.5
   11096.0      -53.7
   11117.0      -54.1
   11133.0      -54.4
   11156.0      -54.7
   11179.0      -54.9
   11205.0      -55.3
   11225.0      -55.4
   11249.0      -55.5
   11269.0      -55.6
   11296.0      -55.8
   11307.0      -55.9
   11329.0      -56.0
   11329.0      -56.0
   11329.0      -56.1
   11329.0      -56.4
   11329.0      -56.6
   11329.0      -56.8
   11329.0      -57.2
   11329.0      -57.4
   11329.0      -57.6
   11329.0      -58.2
   11329.0      -58.3
   11329.0      -58.5
   11329.0      -58.7
   11329.0      -59.2
   11329.0      -59.5
   11329.0      -59.9
   11329.0      -60.0
   11329.0      -60.3
   11329.0      -60.5
   11329.0      -60.8
   11329.0      -61.0
   11329.0      -61.3
   11329.0      -61.5
   11329.0      -61.7
   11329.0      -61.5
   11329.0      -61.4
   11329.0      -61.1
   11329.0      -60.6
   11329.0      -60.6
   11329.0      -60.1
   11329.0      -59.6
   11329.0      -59.5
   11329.0      -59.4
   11329.0      -59.1
   11329.0      -58.8
   11329.0      -58.8
   11329.0      -58.8
   11329.0      -58.6
   11329.0      -58.3
   11329.0      -58.1
   11329.0      -58.1
   11329.0      -57.9
   11329.0      -57.9
   11329.0      -57.7
   11329.0      -57.6
   11329.0      -57.3
   11329.0      -56.8
   11329.0      -56.5
   11329.0      -56.3
   11329.0      -56.0
   11329.0      -55.6
   11329.0      -55.2
   11329.0      -54.9
   11329.0      -54.5
   11329.0      -54.5
   11329.0      -54.3
   11329.0      -54.3
   11329.0      -54.1
   11329.0      -54.0
   11329.0      -53.8
   11329.0      -53.4
   11329.0      -53.1
   11329.0      -52.8
   11329.0      -52.6
   11329.0      -52.3
   11329.0      -52.0
   11329.0      -51.8
   11329.0      -52.1
   11329.0      -52.1
   11329.0      -52.0
   11329.0      -51.8
   11329.0      -51.6
   11329.0      -51.3
   11329.0      -51.0
   11329.0      -50.9
   11329.0      -50.6
   11329.0      -50.5
   11329.0      -50.3
   11329.0      -49.8
   11329.0      -49.7
   11329.0      -49.4
   11329.0      -49.3
   11329.0      -49.2
   11329.0      -48.8
   11329.0      -48.8
   11329.0      -48.6
   11329.0      -48.6
   11329.0      -48.6
   11329.0      -48.5
   11329.0      -48.8
   11329.0      -48.7
   11329.0      -48.6
   11329.0      -48.5
   11329.0      -48.4
   11329.0      -48.3
   11329.0      -48.1
   11329.0      -48.3
   11329.0      -48.3
   11329.0      -48.1
   11329.0      -48.1
   11329.0      -48.1
   11329.0      -48.0
   11329.0      -48.0
   11329.0      -48.1
   11329.0      -48.0
   11329.0      -47.6
   11329.0      -47.6
   11329.0      -47.8
   11329.0      -47.9
   11329.0      -48.1
   11329.0      -48.1
   11329.0      -48.0
   11329.0      -48.0
   11329.0      -47.8
   11329.0      -47.6
   11329.0      -47.5
   11329.0      -47.3
   11329.0      -47.3
   11329.0      -47.0
   11329.0      -46.8
   11329.0      -46.8
   11329.0      -46.8
   11329.0      -46.7
   11329.0      -46.6
   11329.0      -46.5
   11329.0      -46.5
   11329.0      -46.1
   11329.0      -46.3
   11329.0      -46.4
   11329.0      -46.6
   11329.0      -46.5
   11329.0      -46.2
   11329.0      -46.1
   11329.0      -46.1
   11329.0      -46.0
   11329.0      -46.0
   11329.0      -46.1
   11329.0      -46.1
   11329.0      -46.1
   11329.0      -45.9
   11329.0      -46.0
   11329.0      -46.0
   11329.0      -45.7
   11329.0      -45.8
   11329.0      -45.8
   11329.0      -45.8
   11329.0      -45.8
   11329.0      -45.7
   11329.0      -45.6
   11329.0      -45.8
   11329.0      -45.6
   11329.0      -45.3
   11329.0      -45.3
   11329.0      -45.4
   11329.0      -45.5
   11329.0      -45.5
   11329.0      -45.1
   11329.0      -45.1
   11329.0      -45.1
   11329.0      -45.2
   11329.0      -45.5
   11329.0      -45.7
   11329.0      -45.8
   11329.0      -45.8
   11329.0      -46.0
   11329.0      -46.0
   11329.0      -46.1
   11329.0      -46.1
   11329.0      -46.1
   11329.0      -45.7
   11329.0      -45.8
   11329.0      -45.6
   11329.0      -45.6
   11329.0      -45.6
   11329.0      -45.8
   11329.0      -45.8
   11329.0      -45.8
   11329.0      -45.8
   11329.0      -46.1
   11329.0      -45.9
   11329.0      -45.8
   11329.0      -45.7
   11329.0      -45.6
   11329.0      -45.5
   11329.0      -45.3
   11329.0      -45.5
   11329.0      -45.5
   11329.0      -45.4
   11329.0      -45.1
   11329.0      -44.9
   11329.0      -45.0
   11329.0      -44.9
   11329.0      -44.8
   11329.0      -44.6
   11329.0      -44.8
   11329.0      -44.7
   11329.0      -44.8
   11329.0      -44.6
   11329.0      -44.5
   11329.0      -44.3
   11329.0      -44.1
   11329.0      -44.0
   11329.0      -44.2
   11329.0      -44.3
   11329.0      -44.1
   11329.0      -44.1
   11329.0      -44.0
   11329.0      -44.0
   11329.0      -44.0
   11329.0      -44.0
   11329.0      -44.0
   11329.0      -44.0
   11329.0      -44.0
   11329.0      -44.0
   11329.0      -43.7
   11329.0      -43.6
   11329.0      -43.5
   11329.0      -43.3
   11329.0      -43.4
   11329.0      -43.5
   11329.0      -43.3
   11329.0      -43.2
   11329.0      -42.8
   11329.0      -42.9
   11329.0      -43.0
   11329.0      -42.7
   11329.0      -42.6
   11329.0      -42.4
   11329.0      -42.6
   11329.0      -42.6
   11329.0      -42.6
   11329.0      -42.6
   11329.0      -42.8
   11329.0      -42.7
   11329.0      -42.6
   11329.0      -42.5
   11329.0      -42.5
   11329.0      -42.5
   11329.0      -42.5
   11329.0      -42.5
   11329.0      -42.5
   11329.0      -42.4
   11329.0      -42.3
   11329.0      -42.4
   11329.0      -42.5
   11329.0      -42.6
   11329.0      -42.5
   11329.0      -42.6
   11329.0      -42.9
   11329.0      -42.8
   11329.0      -42.5
   11329.0      -42.3
   11329.0      -42.2
   11329.0      -42.0
   11329.0      -41.8
   11329.0      -41.8
   11329.0      -41.8
   11329.0      -41.9
   11329.0      -42.0
   11329.0      -41.9
   11329.0      -41.8
   11329.0      -41.8
   11329.0      -41.7
   11329.0      -41.6
   11329.0      -41.5
   11329.0      -41.3
   11329.0      -41.1
   11329.0      -41.1
   11329.0      -40.9
   11329.0      -40.8
   11329.0      -41.0
   11329.0      -40.9
   11329.0      -41.0
   11329.0      -41.0
   11329.0      -41.0
   11329.0      -41.0
   11329.0      -41.1
   11329.0      -41.0
   11329.0      -40.9
   11329.0      -40.8
   11329.0      -40.8
   11329.0      -40.8
   11329.0      -40.8
   11329.0      -40.9
   11329.0      -41.0
   11329.0      -40.9
   11329.0      -40.7
   11329.0      -40.8
   11329.0      -40.6
   11329.0      -40.6
   11329.0      -40.9
   11329.0      -41.0
   11329.0      -41.0
   11329.0      -40.8
   11329.0      -40.9
   11329.0      -41.0
   11329.0      -41.0
   11329.0      -41.0
   11329.0      -40.9
   11329.0      -40.9
   11329.0      -40.7
   11329.0      -40.6
   11329.0      -40.6
   11329.0      -40.8
   11329.0      -40.8
   11329.0      -40.9
   11329.0      -40.7
   11329.0      -40.6
   11329.0      -40.6
   11329.0      -40.5
   11329.0      -40.2
   11329.0      -40.3
   11329.0      -40.1
   11329.0      -40.1
   11329.0      -40.1
   11329.0      -40.2
   11329.0      -40.1
   11329.0      -40.1
   11329.0      -40.4
   11329.0      -40.5
   11329.0      -40.4
   11329.0      -40.2
   11329.0      -40.3
   11329.0      -40.1
   11329.0      -40.3
   11329.0      -40.4
   11329.0      -40.4
   11329.0      -40.4
   11329.0      -40.3
   11329.0      -40.1
   11329.0      -39.8
   11329.0      -39.9
   11329.0      -40.1
   11329.0      -40.1
   11329.0      -40.2
   11329.0      -39.9
   11329.0      -39.7
   11329.0      -39.5
   11329.0      -39.4
   11329.0      -39.5
   11329.0      -39.6
   11329.0      -39.5
   11329.0      -39.5
   11329.0      -39.5
   11329.0      -39.3
   11329.0      -39.1
   11329.0      -39.3
   11329.0      -39.2
   11329.0      -39.2
   11329.0      -39.2
   11329.0      -39.0
   11329.0      -39.1
   11329.0      -38.9
   11329.0      -38.8
   11329.0      -39.0
   11329.0      -38.9
   11329.0      -39.1
   11329.0      -39.0
   11329.0      -38.9
   11329.0      -39.1
   11329.0      -38.9
   11329.0      -38.8
   11329.0      -38.8
   11329.0      -38.8
   11329.0      -39.0
   11329.0      -38.9
   11329.0      -38.9
   11329.0      -38.9
   11329.0      -39.0
   11329.0      -39.1
   11329.0      -39.0
   11329.0      -39.1
   11329.0      -39.1
   11329.0      -38.9
   11329.0      -38.6
   11329.0      -38.4
   11329.0      -38.2
   11329.0      -38.0
   11329.0      -38.1
   11329.0      -37.8
   11329.0      -37.8
   11329.0      -37.6
   11329.0      -37.3
   11329.0      -37.0
   11329.0      -36.8
   11329.0      -36.8
   11329.0      -36.6
   11329.0      -36.6
   11329.0      -36.4
   11329.0      -36.2
   11329.0      -36.3
   11329.0      -36.3
   11329.0      -36.0
   11329.0      -35.8
   11329.0      -35.6
   11329.0      -35.5
   11329.0      -35.5
   11329.0      -35.5
   11329.0      -35.3
   11329.0      -35.1
   11329.0      -35.1
   11329.0      -35.4
   11329.0      -35.3
   11329.0      -35.3
   11329.0      -35.2
   11329.0      -34.8
   11329.0      -35.1
   11329.0      -35.0
   11329.0      -34.8
   11329.0      -34.6
   11329.0      -34.5
   11329.0      -34.3
   11329.0      -34.2
   11329.0      -34.0
   11329.0      -33.9
   11329.0      -33.6
   11329.0      -33.6
   11329.0      -33.5
   11329.0      -33.3
   11329.0      -33.0
   11329.0      -33.0
   11329.0      -32.9
   11329.0      -32.8
   11329.0      -32.7
   11329.0      -33.0
   11329.0      -33.0
   11329.0      -32.9
   11329.0      -33.2
   11329.0      -33.1
   11329.0      -33.1
   11329.0      -33.1
   11329.0      -33.0
   11329.0      -33.0
   11329.0      -33.1
   11329.0      -33.3
   11329.0      -33.5
   11329.0      -33.8
   11329.0      -34.0
   11329.0      -34.1
   11329.0      -34.1
   11329.0      -34.3
   11329.0      -34.1
   11329.0      -34.0
   11329.0      -33.8
   11329.0      -34.0
   11329.0      -34.3
   11329.0      -34.3
   11329.0      -34.3
   11329.0      -34.2
   11329.0      -34.3
   11329.0      -34.3
   11329.0      -33.8
   11329.0      -33.8
   11329.0      -33.9
   11329.0      -34.0
   11329.0      -33.9
   11329.0      -33.8
   11329.0      -33.8
   11329.0      -34.0
   11329.0      -33.8
   11329.0      -33.8
   11329.0      -33.8
   11329.0      -33.8
   11329.0      -34.0
   11329.0      -34.1
   24809.0      -34.5
   24844.0      -34.6
   24872.0      -34.5
   24902.0      -34.1
   24931.0      -34.2
   24961.0      -34.2
   24991.0      -34.2
   25016.0      -34.3
   25055.0      -34.2
   25088.0      -34.3
   25120.0      -34.5
   25151.0      -34.5
   25180.0      -34.5
   25210.0      -34.3
   25240.0      -34.3
   25270.0      -34.0
   25303.0      -34.0
   25334.0      -33.9
   25363.0      -33.7
   25394.0      -33.7
   25425.0      -33.6
   25457.0      -33.6
   25490.0      -33.2
   25517.0      -33.6
   25553.0      -33.7
   25585.0      -33.8
   25616.0      -34.2
   25646.0      -34.2
   25675.0      -34.1
   25708.0      -34.1
   25737.0      -34.2
   25764.0      -34.2
   25791.0      -34.1
   25820.0      -34.1
   25848.0      -34.3
   25878.0      -34.3
   25893.0      -34.5
   25939.0      -34.5
   25969.0      -34.3
   25999.0      -34.1
   26028.0      -34.1
   26058.0      -34.0
   26086.0      -34.0
   26115.0      -34.0
   26144.0      -33.8
   26175.0      -33.6
   26204.0      -33.7
   26234.0      -33.8
   26265.0      -34.0
   26295.0      -34.1
   26323.0      -34.1
   26353.0      -34.1
   26384.0      -33.9
   26417.0      -33.6
   26447.0      -33.5
   26478.0      -33.7
   26513.0      -33.7
   26546.0      -33.6
   26579.0      -33.6
   26613.0      -33.5
   26640.0      -33.6
   26678.0      -33.5
   26708.0      -33.6
   26734.0      -33.8
   26773.0      -34.1
   26810.0      -34.0
   26844.0      -34.1
   26877.0      -34.1
   26908.0      -34.1
   26938.0      -34.1
   26971.0      -34.0
   27005.0      -33.9
   27034.0      -34.0
   27065.0      -34.2
   27096.0      -34.1
   27128.0      -34.4
   27159.0      -34.3
   27190.0      -34.3
   27221.0      -34.2
   27252.0      -34.4
   27283.0      -34.6
   27314.0      -34.5
   27345.0      -34.5
   27376.0      -34.8
   27405.0      -35.0
   27433.0      -34.8
   27463.0      -34.5
   27493.0      -34.5
   27522.0      -34.8
   27554.0      -34.8
   27587.0      -34.7
   27618.0      -34.6
   27647.0      -34.6
   27676.0      -34.5
   27704.0      -34.8
   27734.0      -34.7
   27766.0      -34.5
   27799.0      -34.5
   27831.0      -34.5
   27860.0      -34.6
   27889.0      -34.5
   27919.0      -34.5
   27951.0      -34.3
   27979.0      -34.1
   28010.0      -34.2
   28042.0      -34.1
   28073.0      -34.0
   28103.0      -33.8
   28134.0      -33.6
   28162.0      -33.4
   28194.0      -33.1
   28226.0      -33.1
   28260.0      -33.3
   28295.0      -33.2
   28329.0      -33.1
   28351.0      -33.1
   28395.0      -33.3
   28428.0      -33.5
   28460.0      -33.6
   28493.0      -33.6
   28525.0      -33.1
   28557.0      -33.1
   28589.0      -33.3
   28622.0      -33.4
   28658.0      -33.5
