   2.0090000e+03   6.0000000e+00   6.0000000e+00   1.8000000e+01   0.0000000e+00   0.0000000e+00   1.2490000e+00   4.9820000e+00  -1.0755000e+00   5.2475733e+00
   2.0090000e+03   6.0000000e+00   6.0000000e+00   1.8000000e+01   1.0000000e+00   0.0000000e+00   1.2245000e+00   4.9680001e+00  -1.0704999e+00   5.2274654e+00
   2.0090000e+03   6.0000000e+00   6.0000000e+00   1.8000000e+01   2.0000000e+00   0.0000000e+00   1.1700000e+00   5.0385000e+00  -9.5550004e-01   5.2600725e+00
   2.0090000e+03   6.0000000e+00   6.0000000e+00   1.8000000e+01   3.0000000e+00   0.0000000e+00   1.1110000e+00   5.0090000e+00  -1.1460000e+00   5.2571587e+00
   2.0090000e+03   6.0000000e+00   6.0000000e+00   1.8000000e+01   4.0000000e+00   0.0000000e+00   9.8349997e-01   5.0219999e+00  -1.2630000e+00   5.2709510e+00
   2.0090000e+03   6.0000000e+00   6.0000000e+00   1.8000000e+01   5.0000000e+00   0.0000000e+00   9.9800000e-01   5.0600000e+00  -1.0350000e+00   5.2603069e+00
   2.0090000e+03   6.0000000e+00   6.0000000e+00   1.8000000e+01   6.0000000e+00   0.0000000e+00   1.0390000e+00   4.9800000e+00  -1.2430000e+00   5.2368855e+00
   2.0090000e+03   6.0000000e+00   6.0000000e+00   1.8000000e+01   7.0000000e+00   0.0000000e+00   9.8400002e-01   4.9440001e+00  -1.3905001e+00   5.2292335e+00
   2.0090000e+03   6.0000000e+00   6.0000000e+00   1.8000000e+01   8.0000000e+00   0.0000000e+00   1.0145000e+00   5.0355000e+00  -1.2695000e+00   5.2912287e+00
   2.0090000e+03   6.0000000e+00   6.0000000e+00   1.8000000e+01   9.0000000e+00   0.0000000e+00   9.7050000e-01   5.0335000e+00  -1.2965000e+00   5.2876181e+00
   2.0090000e+03   6.0000000e+00   6.0000000e+00   1.8000000e+01   1.0000000e+01   0.0000000e+00   1.1255000e+00   4.9755001e+00  -1.3639999e+00   5.2804211e+00
   2.0090000e+03   6.0000000e+00   6.0000000e+00   1.8000000e+01   1.1000000e+01   0.0000000e+00   1.0215000e+00   5.0150000e+00  -1.3440000e+00   5.2915048e+00
   2.0090000e+03   6.0000000e+00   6.0000000e+00   1.8000000e+01   1.2000000e+01   0.0000000e+00   9.0149996e-01   5.0455000e+00  -1.3629999e+00   5.3035405e+00
   2.0090000e+03   6.0000000e+00   6.0000000e+00   1.8000000e+01   1.3000000e+01   0.0000000e+00   1.0224999e+00   5.0219999e+00  -1.4085000e+00   5.3150599e+00
   2.0090000e+03   6.0000000e+00   6.0000000e+00   1.8000000e+01   1.4000000e+01   0.0000000e+00   1.0700000e+00   4.9500000e+00  -1.3990000e+00   5.2540081e+00
   2.0090000e+03   6.0000000e+00   6.0000000e+00   1.8000000e+01   1.5000000e+01   0.0000000e+00   8.8399994e-01   5.0030001e+00  -1.3389999e+00   5.2539877e+00
   2.0090000e+03   6.0000000e+00   6.0000000e+00   1.8000000e+01   1.6000000e+01   0.0000000e+00   1.0570000e+00   4.9585000e+00  -1.3235001e+00   5.2398114e+00
   2.0090000e+03   6.0000000e+00   6.0000000e+00   1.8000000e+01   1.7000000e+01   0.0000000e+00   1.0615000e+00   4.9790000e+00  -1.4030000e+00   5.2806848e+00
   2.0090000e+03   6.0000000e+00   6.0000000e+00   1.8000000e+01   1.8000000e+01   0.0000000e+00   1.0904999e+00   5.0080000e+00  -1.3885000e+00   5.3101023e+00
   2.0090000e+03   6.0000000e+00   6.0000000e+00   1.8000000e+01   1.9000000e+01   0.0000000e+00   1.0855001e+00   4.9690000e+00  -1.4545000e+00   5.2900701e+00
   2.0090000e+03   6.0000000e+00   6.0000000e+00   1.8000000e+01   2.0000000e+01   0.0000000e+00   1.1465000e+00   4.9685000e+00  -1.3980000e+00   5.2872354e+00
   2.0090000e+03   6.0000000e+00   6.0000000e+00   1.8000000e+01   2.1000000e+01   0.0000000e+00   1.1845000e+00   4.9539999e+00  -1.4460000e+00   5.2949100e+00
   2.0090000e+03   6.0000000e+00   6.0000000e+00   1.8000000e+01   2.2000000e+01   0.0000000e+00   1.1695000e+00   5.0085000e+00  -1.4110000e+00   5.3332657e+00
   2.0090000e+03   6.0000000e+00   6.0000000e+00   1.8000000e+01   2.3000000e+01   0.0000000e+00   1.0455000e+00   5.0485000e+00  -1.3800000e+00   5.3371174e+00
   2.0090000e+03   6.0000000e+00   6.0000000e+00   1.8000000e+01   2.4000000e+01   0.0000000e+00   1.1005000e+00   5.0400001e+00  -1.4325000e+00   5.3539478e+00
   2.0090000e+03   6.0000000e+00   6.0000000e+00   1.8000000e+01   2.5000000e+01   0.0000000e+00   1.0475000e+00   5.0360000e+00  -1.5230000e+00   5.3645206e+00
   2.0090000e+03   6.0000000e+00   6.0000000e+00   1.8000000e+01   2.6000000e+01   0.0000000e+00   9.7100004e-01   5.0675000e+00  -1.6654999e+00   5.4218343e+00
   2.0090000e+03   6.0000000e+00   6.0000000e+00   1.8000000e+01   2.7000000e+01   0.0000000e+00   1.1080000e+00   5.1164999e+00  -1.5655000e+00   5.4641583e+00
   2.0090000e+03   6.0000000e+00   6.0000000e+00   1.8000000e+01   2.8000000e+01   0.0000000e+00   1.1370000e+00   5.1080000e+00  -1.5340000e+00   5.4532182e+00
   2.0090000e+03   6.0000000e+00   6.0000000e+00   1.8000000e+01   2.9000000e+01   0.0000000e+00   1.1720001e+00   5.0245000e+00  -1.8120000e+00   5.4683205e+00
   2.0090000e+03   6.0000000e+00   6.0000000e+00   1.8000000e+01   3.0000000e+01   0.0000000e+00   9.8450003e-01   5.0860001e+00  -1.8344999e+00   5.4956371e+00
   2.0090000e+03   6.0000000e+00   6.0000000e+00   1.8000000e+01   3.1000000e+01   0.0000000e+00   1.1310000e+00   5.2000000e+00  -1.5050000e+00   5.5302971e+00
   2.0090000e+03   6.0000000e+00   6.0000000e+00   1.8000000e+01   3.2000000e+01   0.0000000e+00   1.0664999e+00   5.1924999e+00  -1.6035000e+00   5.5381124e+00
   2.0090000e+03   6.0000000e+00   6.0000000e+00   1.8000000e+01   3.3000000e+01   0.0000000e+00   9.7850001e-01   5.2070000e+00  -1.6080000e+00   5.5367838e+00
   2.0090000e+03   6.0000000e+00   6.0000000e+00   1.8000000e+01   3.4000000e+01   0.0000000e+00   9.8700000e-01   5.2355000e+00  -1.5435000e+00   5.5468028e+00
   2.0090000e+03   6.0000000e+00   6.0000000e+00   1.8000000e+01   3.5000000e+01   0.0000000e+00   9.8250005e-01   5.2830001e+00  -1.4630000e+00   5.5691799e+00
   2.0090000e+03   6.0000000e+00   6.0000000e+00   1.8000000e+01   3.6000000e+01   0.0000000e+00   9.6600000e-01   5.2665000e+00  -1.4820000e+00   5.5556730e+00
   2.0090000e+03   6.0000000e+00   6.0000000e+00   1.8000000e+01   3.7000000e+01   0.0000000e+00   8.2300000e-01   5.2750000e+00  -1.5970000e+00   5.5725544e+00
   2.0090000e+03   6.0000000e+00   6.0000000e+00   1.8000000e+01   3.8000000e+01   0.0000000e+00   8.4800006e-01   5.2680000e+00  -1.5520000e+00   5.5569445e+00
   2.0090000e+03   6.0000000e+00   6.0000000e+00   1.8000000e+01   3.9000000e+01   0.0000000e+00   8.1850000e-01   5.3035000e+00  -1.4590000e+00   5.5610912e+00
   2.0090000e+03   6.0000000e+00   6.0000000e+00   1.8000000e+01   4.0000000e+01   0.0000000e+00   8.3150000e-01   5.3175000e+00  -1.5325000e+00   5.5960481e+00
   2.0090000e+03   6.0000000e+00   6.0000000e+00   1.8000000e+01   4.1000000e+01   0.0000000e+00   8.9749995e-01   5.3140000e+00  -1.6300000e+00   5.6303643e+00
   2.0090000e+03   6.0000000e+00   6.0000000e+00   1.8000000e+01   4.2000000e+01   0.0000000e+00   8.6350000e-01   5.3515000e+00  -1.6300000e+00   5.6604845e+00
   2.0090000e+03   6.0000000e+00   6.0000000e+00   1.8000000e+01   4.3000000e+01   0.0000000e+00   7.7699998e-01   5.3570000e+00  -1.6555000e+00   5.6605528e+00
   2.0090000e+03   6.0000000e+00   6.0000000e+00   1.8000000e+01   4.4000000e+01   0.0000000e+00   7.1499998e-01   5.3520000e+00  -1.7415000e+00   5.6734426e+00
   2.0090000e+03   6.0000000e+00   6.0000000e+00   1.8000000e+01   4.5000000e+01   0.0000000e+00   7.4350000e-01   5.3750000e+00  -1.6735000e+00   5.6783818e+00
   2.0090000e+03   6.0000000e+00   6.0000000e+00   1.8000000e+01   4.6000000e+01   0.0000000e+00   7.9200004e-01   5.3925001e+00  -1.6679999e+00   5.6998724e+00
   2.0090000e+03   6.0000000e+00   6.0000000e+00   1.8000000e+01   4.7000000e+01   0.0000000e+00   7.2249993e-01   5.3729999e+00  -1.7205001e+00   5.6878164e+00
   2.0090000e+03   6.0000000e+00   6.0000000e+00   1.8000000e+01   4.8000000e+01   0.0000000e+00   8.3600000e-01   5.4640000e+00  -1.6155000e+00   5.7588221e+00
   2.0090000e+03   6.0000000e+00   6.0000000e+00   1.8000000e+01   4.9000000e+01   0.0000000e+00   9.3699999e-01   5.4710000e+00  -1.7000000e+00   5.8051537e+00
   2.0090000e+03   6.0000000e+00   6.0000000e+00   1.8000000e+01   5.0000000e+01   0.0000000e+00   8.1950000e-01   5.5285000e+00  -1.7125000e+00   5.8453870e+00
   2.0090000e+03   6.0000000e+00   6.0000000e+00   1.8000000e+01   5.1000000e+01   0.0000000e+00   7.8300000e-01   5.5410000e+00  -1.7415000e+00   5.8607672e+00
   2.0090000e+03   6.0000000e+00   6.0000000e+00   1.8000000e+01   5.2000000e+01   0.0000000e+00   7.8900008e-01   5.5945001e+00  -1.6290000e+00   5.8800165e+00
   2.0090000e+03   6.0000000e+00   6.0000000e+00   1.8000000e+01   5.3000000e+01   0.0000000e+00   1.0925000e+00   5.5640000e+00  -1.5660000e+00   5.8825172e+00
   2.0090000e+03   6.0000000e+00   6.0000000e+00   1.8000000e+01   5.4000000e+01   0.0000000e+00   8.3900000e-01   5.4830000e+00  -1.8585000e+00   5.8498916e+00
   2.0090000e+03   6.0000000e+00   6.0000000e+00   1.8000000e+01   5.5000000e+01   0.0000000e+00   8.0099989e-01   5.5435000e+00  -1.7510001e+00   5.8683894e+00
   2.0090000e+03   6.0000000e+00   6.0000000e+00   1.8000000e+01   5.6000000e+01   0.0000000e+00   7.7500000e-01   5.5715000e+00  -1.5055000e+00   5.8231235e+00
   2.0090000e+03   6.0000000e+00   6.0000000e+00   1.8000000e+01   5.7000000e+01   0.0000000e+00   7.7499994e-01   5.4670000e+00  -1.7765000e+00   5.8004022e+00
   2.0090000e+03   6.0000000e+00   6.0000000e+00   1.8000000e+01   5.8000000e+01   0.0000000e+00   8.1200013e-01   5.5350000e+00  -1.7059999e+00   5.8485900e+00
   2.0090000e+03   6.0000000e+00   6.0000000e+00   1.8000000e+01   5.9000000e+01   0.0000000e+00   3.2350000e-01   5.2720000e+00  -1.9925000e+00   5.6452363e+00
   2.0090000e+03   6.0000000e+00   6.0000000e+00   1.9000000e+01   0.0000000e+00   0.0000000e+00   4.5331250e-01   5.1990813e+00  -1.5556500e+00   5.4457309e+00
   2.0090000e+03   6.0000000e+00   6.0000000e+00   1.9000000e+01   1.0000000e+00   0.0000000e+00   4.0824994e-01   5.1338125e+00  -1.5212500e+00   5.3700001e+00
   2.0090000e+03   6.0000000e+00   6.0000000e+00   1.9000000e+01   2.0000000e+00   0.0000000e+00   3.4200000e-01   5.0485000e+00  -1.5325000e+00   5.2870476e+00
   2.0090000e+03   6.0000000e+00   6.0000000e+00   1.9000000e+01   3.0000000e+00   0.0000000e+00   4.7749993e-01   4.9550001e+00  -1.3410000e+00   5.1554159e+00
   2.0090000e+03   6.0000000e+00   6.0000000e+00   1.9000000e+01   4.0000000e+00   0.0000000e+00   2.3950004e-01   4.5559999e+00  -1.3280001e+00   4.7516397e+00
   2.0090000e+03   6.0000000e+00   6.0000000e+00   1.9000000e+01   5.0000000e+00   0.0000000e+00  -4.4000000e-02   4.4345000e+00  -1.3690000e+00   4.6412161e+00
   2.0090000e+03   6.0000000e+00   6.0000000e+00   1.9000000e+01   6.0000000e+00   0.0000000e+00   1.3700004e-01   4.3945000e+00  -1.2979999e+00   4.5842342e+00
   2.0090000e+03   6.0000000e+00   6.0000000e+00   1.9000000e+01   7.0000000e+00   0.0000000e+00   5.1200000e-01   4.3115000e+00  -1.1655000e+00   4.4955051e+00
   2.0090000e+03   6.0000000e+00   6.0000000e+00   1.9000000e+01   8.0000000e+00   0.0000000e+00   6.2000000e-01   4.2430000e+00  -1.1405000e+00   4.4371375e+00
   2.0090000e+03   6.0000000e+00   6.0000000e+00   1.9000000e+01   9.0000000e+00   0.0000000e+00   7.8849987e-01   4.0289999e+00  -1.0575000e+00   4.2394432e+00
   2.0090000e+03   6.0000000e+00   6.0000000e+00   1.9000000e+01   1.0000000e+01   0.0000000e+00   5.4750000e-01   3.9820000e+00  -1.1910000e+00   4.1922024e+00
   2.0090000e+03   6.0000000e+00   6.0000000e+00   1.9000000e+01   1.1000000e+01   0.0000000e+00   5.0100014e-01   4.0469999e+00  -1.2244999e+00   4.2577705e+00
   2.0090000e+03   6.0000000e+00   6.0000000e+00   1.9000000e+01   1.2000000e+01   0.0000000e+00   5.4249995e-01   3.9879999e+00  -1.3485002e+00   4.2446322e+00
   2.0090000e+03   6.0000000e+00   6.0000000e+00   1.9000000e+01   1.3000000e+01   0.0000000e+00   5.9450000e-01   3.9485000e+00  -1.2140000e+00   4.1734732e+00
   2.0090000e+03   6.0000000e+00   6.0000000e+00   1.9000000e+01   1.4000000e+01   0.0000000e+00   6.1349993e-01   3.9420000e+00  -1.3304999e+00   4.2054698e+00
   2.0090000e+03   6.0000000e+00   6.0000000e+00   1.9000000e+01   1.5000000e+01   0.0000000e+00   6.4949991e-01   3.9234999e+00  -1.2490001e+00   4.1684173e+00
   2.0090000e+03   6.0000000e+00   6.0000000e+00   1.9000000e+01   1.6000000e+01   0.0000000e+00   4.6350000e-01   3.8105000e+00  -1.2170000e+00   4.0268886e+00
   2.0090000e+03   6.0000000e+00   6.0000000e+00   1.9000000e+01   1.7000000e+01   0.0000000e+00   7.4400012e-01   3.5060001e+00  -9.5499992e-01   3.7091235e+00
   2.0090000e+03   6.0000000e+00   6.0000000e+00   1.9000000e+01   1.8000000e+01   0.0000000e+00  -5.3300024e-01   3.0179999e+00  -1.1305002e+00   3.2665644e+00
   2.0090000e+03   6.0000000e+00   6.0000000e+00   1.9000000e+01   1.9000000e+01   0.0000000e+00  -1.6240000e+00   2.5715000e+00  -1.2790000e+00   3.2993680e+00
   2.0090000e+03   6.0000000e+00   6.0000000e+00   1.9000000e+01   2.0000000e+01   0.0000000e+00  -2.0539998e+00   1.7200002e+00  -1.0790001e+00   2.8881754e+00
   2.0090000e+03   6.0000000e+00   6.0000000e+00   1.9000000e+01   2.1000000e+01   0.0000000e+00  -2.2325000e+00   1.2450000e+00  -9.3200000e-01   2.7207913e+00
   2.0090000e+03   6.0000000e+00   6.0000000e+00   1.9000000e+01   2.2000000e+01   0.0000000e+00  -2.5865000e+00   6.9250000e-01  -6.2750000e-01   2.7501445e+00
   2.0090000e+03   6.0000000e+00   6.0000000e+00   1.9000000e+01   2.3000000e+01   0.0000000e+00  -2.8280000e+00   5.1549997e-01  -7.7100001e-01   2.9761998e+00
   2.0090000e+03   6.0000000e+00   6.0000000e+00   1.9000000e+01   2.4000000e+01   0.0000000e+00  -3.1740000e+00   7.6000000e-02  -9.9000000e-01   3.3256807e+00
   2.0090000e+03   6.0000000e+00   6.0000000e+00   1.9000000e+01   2.5000000e+01   0.0000000e+00  -3.3060000e+00  -3.8750000e-01  -1.1605000e+00   3.5251316e+00
   2.0090000e+03   6.0000000e+00   6.0000000e+00   1.9000000e+01   2.6000000e+01   0.0000000e+00  -3.5380000e+00  -6.2249996e-01  -1.4475001e+00   3.8730101e+00
   2.0090000e+03   6.0000000e+00   6.0000000e+00   1.9000000e+01   2.7000000e+01   0.0000000e+00  -3.5985000e+00  -9.1650000e-01  -1.9830000e+00   4.2096869e+00
   2.0090000e+03   6.0000000e+00   6.0000000e+00   1.9000000e+01   2.8000000e+01   0.0000000e+00  -3.5154999e+00  -1.0864999e+00  -2.5279999e+00   4.4643034e+00
   2.0090000e+03   6.0000000e+00   6.0000000e+00   1.9000000e+01   2.9000000e+01   0.0000000e+00  -3.4870001e+00  -8.4300010e-01  -3.0665000e+00   4.7194535e+00
   2.0090000e+03   6.0000000e+00   6.0000000e+00   1.9000000e+01   3.0000000e+01   0.0000000e+00  -3.4500000e+00  -3.8900000e-01  -3.3785000e+00   4.8443868e+00
   2.0090000e+03   6.0000000e+00   6.0000000e+00   1.9000000e+01   3.1000000e+01   0.0000000e+00  -3.0584999e+00  -1.6749990e-01  -3.5820000e+00   4.7130884e+00
   2.0090000e+03   6.0000000e+00   6.0000000e+00   1.9000000e+01   3.2000000e+01   0.0000000e+00  -2.7530000e+00   1.5100001e-01  -3.2060000e+00   4.2285040e+00
   2.0090000e+03   6.0000000e+00   6.0000000e+00   1.9000000e+01   3.3000000e+01   0.0000000e+00  -2.7780000e+00   1.4285000e+00  -1.9895000e+00   3.7035127e+00
   2.0090000e+03   6.0000000e+00   6.0000000e+00   1.9000000e+01   3.4000000e+01   0.0000000e+00  -2.6004999e+00   2.0845000e+00  -1.0480001e+00   3.4937150e+00
   2.0090000e+03   6.0000000e+00   6.0000000e+00   1.9000000e+01   3.5000000e+01   0.0000000e+00  -2.5625000e+00   2.1510000e+00  -7.1600000e-01   3.4213832e+00
   2.0090000e+03   6.0000000e+00   6.0000000e+00   1.9000000e+01   3.6000000e+01   0.0000000e+00  -2.6955000e+00   2.0610000e+00  -4.3650000e-01   3.4211071e+00
   2.0090000e+03   6.0000000e+00   6.0000000e+00   1.9000000e+01   3.7000000e+01   0.0000000e+00  -2.7955000e+00   2.1385001e+00   7.2000131e-02   3.5203959e+00
   2.0090000e+03   6.0000000e+00   6.0000000e+00   1.9000000e+01   3.8000000e+01   0.0000000e+00  -2.9105000e+00   2.0245000e+00   2.9150000e-01   3.5573280e+00
   2.0090000e+03   6.0000000e+00   6.0000000e+00   1.9000000e+01   3.9000000e+01   0.0000000e+00  -2.6580000e+00   1.9235000e+00   3.3400000e-01   3.2979345e+00
   2.0090000e+03   6.0000000e+00   6.0000000e+00   1.9000000e+01   4.0000000e+01   0.0000000e+00  -2.7950000e+00   1.6650001e+00   4.0350009e-01   3.2782712e+00
   2.0090000e+03   6.0000000e+00   6.0000000e+00   1.9000000e+01   4.1000000e+01   0.0000000e+00  -3.0550000e+00   1.2315000e+00   6.7300000e-01   3.3619260e+00
   2.0090000e+03   6.0000000e+00   6.0000000e+00   1.9000000e+01   4.2000000e+01   0.0000000e+00  -3.2474999e+00   1.1745000e+00   6.6250001e-01   3.5163351e+00
   2.0090000e+03   6.0000000e+00   6.0000000e+00   1.9000000e+01   4.3000000e+01   0.0000000e+00  -3.3675000e+00   1.0470000e+00   6.0549991e-01   3.5781134e+00
   2.0090000e+03   6.0000000e+00   6.0000000e+00   1.9000000e+01   4.4000000e+01   0.0000000e+00  -3.5515000e+00   9.8700000e-01   6.4250000e-01   3.7416744e+00
   2.0090000e+03   6.0000000e+00   6.0000000e+00   1.9000000e+01   4.5000000e+01   0.0000000e+00  -3.5625000e+00   1.0660000e+00   4.8050001e-01   3.7494856e+00
   2.0090000e+03   6.0000000e+00   6.0000000e+00   1.9000000e+01   4.6000000e+01   0.0000000e+00  -3.5850000e+00   7.8500065e-02  -9.9199990e-01   3.7205445e+00
   2.0090000e+03   6.0000000e+00   6.0000000e+00   1.9000000e+01   4.7000000e+01   0.0000000e+00  -3.4655000e+00   9.2650000e-01   1.3150000e-01   3.5896218e+00
   2.0090000e+03   6.0000000e+00   6.0000000e+00   1.9000000e+01   4.8000000e+01   0.0000000e+00  -3.7835001e+00  -2.9499982e-01  -8.8199994e-01   3.8961291e+00
   2.0090000e+03   6.0000000e+00   6.0000000e+00   1.9000000e+01   4.9000000e+01   0.0000000e+00  -3.7160000e+00  -3.0649985e-01  -7.8899991e-01   3.8111834e+00
   2.0090000e+03   6.0000000e+00   6.0000000e+00   1.9000000e+01   5.0000000e+01   0.0000000e+00  -3.9605000e+00  -9.7350000e-01  -3.6550000e-01   4.0947348e+00
   2.0090000e+03   6.0000000e+00   6.0000000e+00   1.9000000e+01   5.1000000e+01   0.0000000e+00  -4.0540000e+00   1.2400004e-01  -1.8399998e-01   4.0600675e+00
   2.0090000e+03   6.0000000e+00   6.0000000e+00   1.9000000e+01   5.2000000e+01   0.0000000e+00  -4.1715000e+00   7.3000000e-02   3.0000000e-01   4.1829106e+00
   2.0090000e+03   6.0000000e+00   6.0000000e+00   1.9000000e+01   5.3000000e+01   0.0000000e+00  -4.3310000e+00  -3.8000000e-02   4.0300000e-01   4.3498752e+00
   2.0090000e+03   6.0000000e+00   6.0000000e+00   1.9000000e+01   5.4000000e+01   0.0000000e+00  -4.2480000e+00   3.0049996e-01   1.8199999e-01   4.2625026e+00
   2.0090000e+03   6.0000000e+00   6.0000000e+00   1.9000000e+01   5.5000000e+01   0.0000000e+00  -4.3010000e+00   6.0300000e-01  -1.5560000e+00   4.6133877e+00
   2.0090000e+03   6.0000000e+00   6.0000000e+00   1.9000000e+01   5.6000000e+01   0.0000000e+00  -5.2089999e+00   1.2965001e+00  -1.6580001e+00   5.6181453e+00
   2.0090000e+03   6.0000000e+00   6.0000000e+00   1.9000000e+01   5.7000000e+01   0.0000000e+00  -5.3534996e+00   3.4150013e-01   2.2845002e+00   5.8305679e+00
   2.0090000e+03   6.0000000e+00   6.0000000e+00   1.9000000e+01   5.8000000e+01   0.0000000e+00  -2.3645000e+00   1.2645000e+00   2.6195000e+00   3.7485465e+00
   2.0090000e+03   6.0000000e+00   6.0000000e+00   1.9000000e+01   5.9000000e+01   0.0000000e+00  -2.4285000e+00   2.6299998e+00   6.9850005e-01   3.6472474e+00
   2.0090000e+03   6.0000000e+00   6.0000000e+00   2.0000000e+01   0.0000000e+00   0.0000000e+00  -3.2080001e+00   2.9195001e+00  -5.4199990e-01   4.3713281e+00
   2.0090000e+03   6.0000000e+00   6.0000000e+00   2.0000000e+01   1.0000000e+00   0.0000000e+00  -3.9350000e+00   3.2265000e+00  -9.8750000e-01   5.1835975e+00
   2.0090000e+03   6.0000000e+00   6.0000000e+00   2.0000000e+01   2.0000000e+00   0.0000000e+00  -5.3350002e+00   4.5199998e+00  -2.4209998e+00   7.3995855e+00
   2.0090000e+03   6.0000000e+00   6.0000000e+00   2.0000000e+01   3.0000000e+00   0.0000000e+00  -2.0794996e+00   5.0049998e+00  -4.1004999e+00   6.7962079e+00
   2.0090000e+03   6.0000000e+00   6.0000000e+00   2.0000000e+01   4.0000000e+00   0.0000000e+00  -1.3195000e+00   4.3840000e+00  -3.5360000e+00   5.7847932e+00
   2.0090000e+03   6.0000000e+00   6.0000000e+00   2.0000000e+01   5.0000000e+00   0.0000000e+00   1.5529998e+00   3.9035001e+00  -4.2825000e+00   5.9990772e+00
   2.0090000e+03   6.0000000e+00   6.0000000e+00   2.0000000e+01   6.0000000e+00   0.0000000e+00   9.9950000e-01   5.1095000e+00  -4.4925000e+00   6.8766668e+00
   2.0090000e+03   6.0000000e+00   6.0000000e+00   2.0000000e+01   7.0000000e+00   0.0000000e+00   1.7500000e-02   6.0375000e+00  -4.5525000e+00   7.5615454e+00
   2.0090000e+03   6.0000000e+00   6.0000000e+00   2.0000000e+01   8.0000000e+00   0.0000000e+00   3.9050012e-01   5.8180000e+00  -3.8949998e+00   7.0123204e+00
   2.0090000e+03   6.0000000e+00   6.0000000e+00   2.0000000e+01   9.0000000e+00   0.0000000e+00   7.1400000e-01   5.7580000e+00  -3.4480000e+00   6.7493010e+00
   2.0090000e+03   6.0000000e+00   6.0000000e+00   2.0000000e+01   1.0000000e+01   0.0000000e+00   7.6250000e-01   5.7170000e+00  -3.0290000e+00   6.5146248e+00
   2.0090000e+03   6.0000000e+00   6.0000000e+00   2.0000000e+01   1.1000000e+01   0.0000000e+00   3.5050020e-01   5.5010001e+00  -2.6420002e+00   6.1126113e+00
   2.0090000e+03   6.0000000e+00   6.0000000e+00   2.0000000e+01   1.2000000e+01   0.0000000e+00   7.4450000e-01   5.2600000e+00  -3.0790000e+00   6.1402053e+00
   2.0090000e+03   6.0000000e+00   6.0000000e+00   2.0000000e+01   1.3000000e+01   0.0000000e+00   8.4449997e-01   4.9060000e+00  -3.1340000e+00   5.8825141e+00
   2.0090000e+03   6.0000000e+00   6.0000000e+00   2.0000000e+01   1.4000000e+01   0.0000000e+00   7.9199997e-01   4.9455000e+00  -2.5294999e+00   5.6110253e+00
   2.0090000e+03   6.0000000e+00   6.0000000e+00   2.0000000e+01   1.5000000e+01   0.0000000e+00   2.6400000e-01   4.7805000e+00  -2.0570000e+00   5.2109620e+00
   2.0090000e+03   6.0000000e+00   6.0000000e+00   2.0000000e+01   1.6000000e+01   0.0000000e+00   9.4499975e-02   4.4535000e+00  -1.7870001e+00   4.7995793e+00
   2.0090000e+03   6.0000000e+00   6.0000000e+00   2.0000000e+01   1.7000000e+01   0.0000000e+00  -1.6450006e-01   4.3650000e+00  -1.8634999e+00   4.7489912e+00
   2.0090000e+03   6.0000000e+00   6.0000000e+00   2.0000000e+01   1.8000000e+01   0.0000000e+00  -4.2850000e-01   4.3220000e+00  -1.6790000e+00   4.6564297e+00
   2.0090000e+03   6.0000000e+00   6.0000000e+00   2.0000000e+01   1.9000000e+01   0.0000000e+00  -8.6549980e-01   4.2300001e+00  -1.7880001e+00   4.6732146e+00
   2.0090000e+03   6.0000000e+00   6.0000000e+00   2.0000000e+01   2.0000000e+01   0.0000000e+00  -4.8350000e-01   4.1985000e+00  -1.8585000e+00   4.6168384e+00
   2.0090000e+03   6.0000000e+00   6.0000000e+00   2.0000000e+01   2.1000000e+01   0.0000000e+00  -2.1700000e-01   4.1750000e+00  -1.7445000e+00   4.5300104e+00
   2.0090000e+03   6.0000000e+00   6.0000000e+00   2.0000000e+01   2.2000000e+01   0.0000000e+00  -4.1249994e-01   4.2845000e+00  -1.4004999e+00   4.5264220e+00
   2.0090000e+03   6.0000000e+00   6.0000000e+00   2.0000000e+01   2.3000000e+01   0.0000000e+00  -4.7850000e-01   4.1515000e+00  -1.5090000e+00   4.4430840e+00
   2.0090000e+03   6.0000000e+00   6.0000000e+00   2.0000000e+01   2.4000000e+01   0.0000000e+00  -2.5450000e-01   4.2460000e+00  -1.2750000e+00   4.4405981e+00
   2.0090000e+03   6.0000000e+00   6.0000000e+00   2.0000000e+01   2.5000000e+01   0.0000000e+00  -4.6750021e-01   4.0025000e+00  -1.5190001e+00   4.3064978e+00
   2.0090000e+03   6.0000000e+00   6.0000000e+00   2.0000000e+01   2.6000000e+01   0.0000000e+00  -1.0060000e+00   3.6585000e+00  -1.6160000e+00   4.1240895e+00
   2.0090000e+03   6.0000000e+00   6.0000000e+00   2.0000000e+01   2.7000000e+01   0.0000000e+00  -1.2415000e+00   3.3600001e+00  -1.8569999e+00   4.0347703e+00
   2.0090000e+03   6.0000000e+00   6.0000000e+00   2.0000000e+01   2.8000000e+01   0.0000000e+00  -1.4655001e+00   3.1324999e+00  -1.9040000e+00   3.9478427e+00
   2.0090000e+03   6.0000000e+00   6.0000000e+00   2.0000000e+01   2.9000000e+01   0.0000000e+00  -1.4205000e+00   2.5225000e+00  -2.4880000e+00   3.8171941e+00
   2.0090000e+03   6.0000000e+00   6.0000000e+00   2.0000000e+01   3.0000000e+01   0.0000000e+00  -1.4650000e+00   2.2705000e+00  -2.7420000e+00   3.8496701e+00
   2.0090000e+03   6.0000000e+00   6.0000000e+00   2.0000000e+01   3.1000000e+01   0.0000000e+00  -1.3514998e+00   2.3274999e+00  -2.7274999e+00   3.8318485e+00
   2.0090000e+03   6.0000000e+00   6.0000000e+00   2.0000000e+01   3.2000000e+01   0.0000000e+00  -1.1615000e+00   1.8900000e+00  -2.9155000e+00   3.6635123e+00
   2.0090000e+03   6.0000000e+00   6.0000000e+00   2.0000000e+01   3.3000000e+01   0.0000000e+00  -8.1450003e-01   1.6515000e+00  -2.7825000e+00   3.3366403e+00
   2.0090000e+03   6.0000000e+00   6.0000000e+00   2.0000000e+01   3.4000000e+01   0.0000000e+00  -8.9250001e-01   1.7290001e+00  -2.8680000e+00   3.4657498e+00
   2.0090000e+03   6.0000000e+00   6.0000000e+00   2.0000000e+01   3.5000000e+01   0.0000000e+00  -9.8300000e-01   2.0630000e+00  -2.7600000e+00   3.5832748e+00
   2.0090000e+03   6.0000000e+00   6.0000000e+00   2.0000000e+01   3.6000000e+01   0.0000000e+00  -1.2474999e+00   2.0940000e+00  -2.6425000e+00   3.5949824e+00
   2.0090000e+03   6.0000000e+00   6.0000000e+00   2.0000000e+01   3.7000000e+01   0.0000000e+00  -1.8570000e+00   2.1980000e+00  -2.4740000e+00   3.7947765e+00
   2.0090000e+03   6.0000000e+00   6.0000000e+00   2.0000000e+01   3.8000000e+01   0.0000000e+00  -2.6645000e+00   2.4965000e+00  -1.4640000e+00   3.9338745e+00
   2.0090000e+03   6.0000000e+00   6.0000000e+00   2.0000000e+01   3.9000000e+01   0.0000000e+00  -2.7835001e+00   2.3139999e+00  -1.3125001e+00   3.8503409e+00
   2.0090000e+03   6.0000000e+00   6.0000000e+00   2.0000000e+01   4.0000000e+01   0.0000000e+00  -2.7655000e+00   2.1480000e+00  -1.3180000e+00   3.7415262e+00
   2.0090000e+03   6.0000000e+00   6.0000000e+00   2.0000000e+01   4.1000000e+01   0.0000000e+00  -2.5855001e+00   2.0340001e+00  -1.6155000e+00   3.6649430e+00
   2.0090000e+03   6.0000000e+00   6.0000000e+00   2.0000000e+01   4.2000000e+01   0.0000000e+00  -2.2604999e+00   1.9410000e+00  -1.9165000e+00   3.5426421e+00
   2.0090000e+03   6.0000000e+00   6.0000000e+00   2.0000000e+01   4.3000000e+01   0.0000000e+00  -1.5965000e+00   1.7835000e+00  -2.3835000e+00   3.3779812e+00
   2.0090000e+03   6.0000000e+00   6.0000000e+00   2.0000000e+01   4.4000000e+01   0.0000000e+00  -1.8219999e+00   1.0720001e+00  -2.3570001e+00   3.1661202e+00
   2.0090000e+03   6.0000000e+00   6.0000000e+00   2.0000000e+01   4.5000000e+01   0.0000000e+00  -2.2180000e+00   4.0849994e-01  -2.1140000e+00   3.0911797e+00
   2.0090000e+03   6.0000000e+00   6.0000000e+00   2.0000000e+01   4.6000000e+01   0.0000000e+00  -2.2840000e+00  -3.5300000e-01  -1.9305000e+00   3.0113278e+00
   2.0090000e+03   6.0000000e+00   6.0000000e+00   2.0000000e+01   4.7000000e+01   0.0000000e+00  -2.3250001e+00  -2.9800011e-01  -1.9810001e+00   3.0690048e+00
   2.0090000e+03   6.0000000e+00   6.0000000e+00   2.0000000e+01   4.8000000e+01   0.0000000e+00  -2.4445000e+00  -4.1550002e-01  -1.8035000e+00   3.0660777e+00
   2.0090000e+03   6.0000000e+00   6.0000000e+00   2.0000000e+01   4.9000000e+01   0.0000000e+00  -2.5565000e+00  -3.4900000e-01  -1.8135000e+00   3.1537716e+00
   2.0090000e+03   6.0000000e+00   6.0000000e+00   2.0000000e+01   5.0000000e+01   0.0000000e+00  -2.5430000e+00  -1.8149995e-01  -1.8125000e+00   3.1280901e+00
   2.0090000e+03   6.0000000e+00   6.0000000e+00   2.0000000e+01   5.1000000e+01   0.0000000e+00  -2.6890000e+00  -4.7300000e-01  -1.7370000e+00   3.2359881e+00
   2.0090000e+03   6.0000000e+00   6.0000000e+00   2.0000000e+01   5.2000000e+01   0.0000000e+00  -2.6410000e+00  -5.2400000e-01  -1.6180000e+00   3.1412388e+00
   2.0090000e+03   6.0000000e+00   6.0000000e+00   2.0000000e+01   5.3000000e+01   0.0000000e+00  -2.7915000e+00  -5.5600005e-01  -1.6705000e+00   3.3003300e+00
   2.0090000e+03   6.0000000e+00   6.0000000e+00   2.0000000e+01   5.4000000e+01   0.0000000e+00  -2.8395000e+00  -5.9000000e-01  -1.6545000e+00   3.3388966e+00
   2.0090000e+03   6.0000000e+00   6.0000000e+00   2.0000000e+01   5.5000000e+01   0.0000000e+00  -2.9020000e+00  -6.4850000e-01  -1.6625000e+00   3.4067672e+00
   2.0090000e+03   6.0000000e+00   6.0000000e+00   2.0000000e+01   5.6000000e+01   0.0000000e+00  -3.0430000e+00  -6.7850004e-01  -1.7215000e+00   3.5614286e+00
   2.0090000e+03   6.0000000e+00   6.0000000e+00   2.0000000e+01   5.7000000e+01   0.0000000e+00  -3.1045000e+00  -5.0600000e-01  -1.6815000e+00   3.5667070e+00
   2.0090000e+03   6.0000000e+00   6.0000000e+00   2.0000000e+01   5.8000000e+01   0.0000000e+00  -3.1135001e+00  -4.6850001e-01  -1.5930000e+00   3.5286008e+00
   2.0090000e+03   6.0000000e+00   6.0000000e+00   2.0000000e+01   5.9000000e+01   0.0000000e+00  -3.1765000e+00  -7.3849999e-01  -1.4695000e+00   3.5770050e+00
   2.0090000e+03   6.0000000e+00   6.0000000e+00   2.1000000e+01   0.0000000e+00   0.0000000e+00  -3.1150000e+00  -9.0100000e-01  -1.3925000e+00   3.5290342e+00
   2.0090000e+03   6.0000000e+00   6.0000000e+00   2.1000000e+01   1.0000000e+00   0.0000000e+00  -3.1465000e+00  -9.3200002e-01  -1.3705000e+00   3.5563122e+00
   2.0090000e+03   6.0000000e+00   6.0000000e+00   2.1000000e+01   2.0000000e+00   0.0000000e+00  -3.1360000e+00  -9.3499998e-01  -1.4850000e+00   3.5935979e+00
   2.0090000e+03   6.0000000e+00   6.0000000e+00   2.1000000e+01   3.0000000e+00   0.0000000e+00  -3.1055000e+00  -9.9150000e-01  -1.4530000e+00   3.5690911e+00
   2.0090000e+03   6.0000000e+00   6.0000000e+00   2.1000000e+01   4.0000000e+00   0.0000000e+00  -3.1305001e+00  -9.7399996e-01  -1.3715001e+00   3.5538316e+00
   2.0090000e+03   6.0000000e+00   6.0000000e+00   2.1000000e+01   5.0000000e+00   0.0000000e+00  -3.1495000e+00  -1.0155000e+00  -1.3520000e+00   3.5747020e+00
   2.0090000e+03   6.0000000e+00   6.0000000e+00   2.1000000e+01   6.0000000e+00   0.0000000e+00  -3.0955000e+00  -1.0810000e+00  -1.3075000e+00   3.5299062e+00
   2.0090000e+03   6.0000000e+00   6.0000000e+00   2.1000000e+01   7.0000000e+00   0.0000000e+00  -3.0380001e+00  -1.1015000e+00  -1.2310001e+00   3.4580497e+00
   2.0090000e+03   6.0000000e+00   6.0000000e+00   2.1000000e+01   8.0000000e+00   0.0000000e+00  -3.0385000e+00  -1.0825000e+00  -1.2250000e+00   3.4503498e+00
   2.0090000e+03   6.0000000e+00   6.0000000e+00   2.1000000e+01   9.0000000e+00   0.0000000e+00  -3.0805000e+00  -1.0375000e+00  -1.2680000e+00   3.4890845e+00
   2.0090000e+03   6.0000000e+00   6.0000000e+00   2.1000000e+01   1.0000000e+01   0.0000000e+00  -3.0535000e+00  -1.1045000e+00  -1.2615000e+00   3.4835564e+00
   2.0090000e+03   6.0000000e+00   6.0000000e+00   2.1000000e+01   1.1000000e+01   0.0000000e+00  -3.0130000e+00  -1.2235000e+00  -1.3540000e+00   3.5225612e+00
   2.0090000e+03   6.0000000e+00   6.0000000e+00   2.1000000e+01   1.2000000e+01   0.0000000e+00  -2.9614999e+00  -1.3385000e+00  -1.3715000e+00   3.5274745e+00
   2.0090000e+03   6.0000000e+00   6.0000000e+00   2.1000000e+01   1.3000000e+01   0.0000000e+00  -2.9490000e+00  -1.3920000e+00  -1.3615000e+00   3.5338290e+00
   2.0090000e+03   6.0000000e+00   6.0000000e+00   2.1000000e+01   1.4000000e+01   0.0000000e+00  -2.9870000e+00  -1.6395000e+00  -1.3855000e+00   3.6782794e+00
   2.0090000e+03   6.0000000e+00   6.0000000e+00   2.1000000e+01   1.5000000e+01   0.0000000e+00  -3.0205000e+00  -1.6260000e+00  -1.5210000e+00   3.7524308e+00
   2.0090000e+03   6.0000000e+00   6.0000000e+00   2.1000000e+01   1.6000000e+01   0.0000000e+00  -3.0605001e+00  -1.5569999e+00  -1.6010001e+00   3.7886819e+00
   2.0090000e+03   6.0000000e+00   6.0000000e+00   2.1000000e+01   1.7000000e+01   0.0000000e+00  -2.8695000e+00  -1.5115000e+00  -1.5255000e+00   3.5841056e+00
   2.0090000e+03   6.0000000e+00   6.0000000e+00   2.1000000e+01   1.8000000e+01   0.0000000e+00  -2.8610000e+00  -1.6700001e+00  -1.4870000e+00   3.6311692e+00
   2.0090000e+03   6.0000000e+00   6.0000000e+00   2.1000000e+01   1.9000000e+01   0.0000000e+00  -2.9355000e+00  -1.8565001e+00  -1.5094999e+00   3.7871286e+00
   2.0090000e+03   6.0000000e+00   6.0000000e+00   2.1000000e+01   2.0000000e+01   0.0000000e+00  -2.9100000e+00  -1.8680000e+00  -1.5150000e+00   3.7752813e+00
   2.0090000e+03   6.0000000e+00   6.0000000e+00   2.1000000e+01   2.1000000e+01   0.0000000e+00  -2.9094999e+00  -1.8470000e+00  -1.5429999e+00   3.7759036e+00
   2.0090000e+03   6.0000000e+00   6.0000000e+00   2.1000000e+01   2.2000000e+01   0.0000000e+00  -2.8205000e+00  -1.9035000e+00  -1.4595000e+00   3.7025225e+00
   2.0090000e+03   6.0000000e+00   6.0000000e+00   2.1000000e+01   2.3000000e+01   0.0000000e+00  -2.8135000e+00  -1.9330000e+00  -1.5180000e+00   3.7358527e+00
   2.0090000e+03   6.0000000e+00   6.0000000e+00   2.1000000e+01   2.4000000e+01   0.0000000e+00  -2.7445001e+00  -1.9414999e+00  -1.5230000e+00   3.6906953e+00
   2.0090000e+03   6.0000000e+00   6.0000000e+00   2.1000000e+01   2.5000000e+01   0.0000000e+00  -2.7625000e+00  -2.1050000e+00  -1.4770000e+00   3.7741171e+00
   2.0090000e+03   6.0000000e+00   6.0000000e+00   2.1000000e+01   2.6000000e+01   0.0000000e+00  -2.7310001e+00  -1.8355000e+00  -1.5975002e+00   3.6577901e+00
   2.0090000e+03   6.0000000e+00   6.0000000e+00   2.1000000e+01   2.7000000e+01   0.0000000e+00  -2.6189999e+00  -1.8145000e+00  -1.5199999e+00   3.5301517e+00
   2.0090000e+03   6.0000000e+00   6.0000000e+00   2.1000000e+01   2.8000000e+01   0.0000000e+00  -2.6485000e+00  -1.4455000e+00  -1.7085000e+00   3.4674190e+00
   2.0090000e+03   6.0000000e+00   6.0000000e+00   2.1000000e+01   2.9000000e+01   0.0000000e+00  -2.7705001e+00  -8.7399991e-01  -1.8885000e+00   3.4649645e+00
   2.0090000e+03   6.0000000e+00   6.0000000e+00   2.1000000e+01   3.0000000e+01   0.0000000e+00  -2.7845000e+00  -8.1900003e-01  -1.8900000e+00   3.4635677e+00
   2.0090000e+03   6.0000000e+00   6.0000000e+00   2.1000000e+01   3.1000000e+01   0.0000000e+00  -2.7415000e+00  -9.8850000e-01  -1.8010000e+00   3.4258657e+00
   2.0090000e+03   6.0000000e+00   6.0000000e+00   2.1000000e+01   3.2000000e+01   0.0000000e+00  -2.7985000e+00  -1.2329999e+00  -1.7494999e+00   3.5231578e+00
   2.0090000e+03   6.0000000e+00   6.0000000e+00   2.1000000e+01   3.3000000e+01   0.0000000e+00  -2.8445000e+00  -1.2490000e+00  -1.6530000e+00   3.5190325e+00
   2.0090000e+03   6.0000000e+00   6.0000000e+00   2.1000000e+01   3.4000000e+01   0.0000000e+00  -2.8600000e+00  -1.3245000e+00  -1.6790000e+00   3.5711260e+00
   2.0090000e+03   6.0000000e+00   6.0000000e+00   2.1000000e+01   3.5000000e+01   0.0000000e+00  -2.9320000e+00  -1.3795000e+00  -1.6415001e+00   3.6323775e+00
   2.0090000e+03   6.0000000e+00   6.0000000e+00   2.1000000e+01   3.6000000e+01   0.0000000e+00  -2.9830000e+00  -1.5970000e+00  -1.5645000e+00   3.7277819e+00
   2.0090000e+03   6.0000000e+00   6.0000000e+00   2.1000000e+01   3.7000000e+01   0.0000000e+00  -3.1790000e+00  -1.7935000e+00  -1.5825000e+00   3.9783149e+00
   2.0090000e+03   6.0000000e+00   6.0000000e+00   2.1000000e+01   3.8000000e+01   0.0000000e+00  -3.2480000e+00  -1.7255000e+00  -1.5489999e+00   3.9907712e+00
   2.0090000e+03   6.0000000e+00   6.0000000e+00   2.1000000e+01   3.9000000e+01   0.0000000e+00  -3.4355000e+00  -1.7360000e+00  -1.4155000e+00   4.1012189e+00
   2.0090000e+03   6.0000000e+00   6.0000000e+00   2.1000000e+01   4.0000000e+01   0.0000000e+00  -3.5485000e+00  -1.7450000e+00  -1.2125000e+00   4.1360650e+00
   2.0090000e+03   6.0000000e+00   6.0000000e+00   2.1000000e+01   4.1000000e+01   0.0000000e+00  -3.5805000e+00  -1.7625000e+00  -1.2170001e+00   4.1722267e+00
   2.0090000e+03   6.0000000e+00   6.0000000e+00   2.1000000e+01   4.2000000e+01   0.0000000e+00  -3.5820000e+00  -1.8345000e+00  -1.2915000e+00   4.2265928e+00
   2.0090000e+03   6.0000000e+00   6.0000000e+00   2.1000000e+01   4.3000000e+01   0.0000000e+00  -3.4225000e+00  -1.6745000e+00  -1.6384999e+00   4.1475461e+00
   2.0090000e+03   6.0000000e+00   6.0000000e+00   2.1000000e+01   4.4000000e+01   0.0000000e+00  -3.2630000e+00  -1.6175000e+00  -1.6390000e+00   3.9937196e+00
   2.0090000e+03   6.0000000e+00   6.0000000e+00   2.1000000e+01   4.5000000e+01   0.0000000e+00  -3.3040000e+00  -1.6015000e+00  -1.5850000e+00   3.9991803e+00
   2.0090000e+03   6.0000000e+00   6.0000000e+00   2.1000000e+01   4.6000000e+01   0.0000000e+00  -3.2499999e+00  -2.0545000e+00  -1.4234999e+00   4.0999783e+00
   2.0090000e+03   6.0000000e+00   6.0000000e+00   2.1000000e+01   4.7000000e+01   0.0000000e+00  -3.2715000e+00  -2.1380000e+00  -1.3829999e+00   4.1456538e+00
   2.0090000e+03   6.0000000e+00   6.0000000e+00   2.1000000e+01   4.8000000e+01   0.0000000e+00  -3.1470000e+00  -1.9545000e+00  -1.6130000e+00   4.0404762e+00
   2.0090000e+03   6.0000000e+00   6.0000000e+00   2.1000000e+01   4.9000000e+01   0.0000000e+00  -3.0655000e+00  -1.9315000e+00  -1.6010000e+00   3.9612099e+00
   2.0090000e+03   6.0000000e+00   6.0000000e+00   2.1000000e+01   5.0000000e+01   0.0000000e+00  -2.9975000e+00  -2.0855000e+00  -1.4430000e+00   3.9263934e+00
   2.0090000e+03   6.0000000e+00   6.0000000e+00   2.1000000e+01   5.1000000e+01   0.0000000e+00  -2.9750000e+00  -2.1410000e+00  -1.3760000e+00   3.9150839e+00
   2.0090000e+03   6.0000000e+00   6.0000000e+00   2.1000000e+01   5.2000000e+01   0.0000000e+00  -3.0200000e+00  -2.2000000e+00  -1.4789999e+00   4.0184376e+00
   2.0090000e+03   6.0000000e+00   6.0000000e+00   2.1000000e+01   5.3000000e+01   0.0000000e+00  -3.0590000e+00  -2.1795000e+00  -1.4390000e+00   4.0222409e+00
   2.0090000e+03   6.0000000e+00   6.0000000e+00   2.1000000e+01   5.4000000e+01   0.0000000e+00  -2.8330000e+00  -1.8210000e+00  -1.6535000e+00   3.7517985e+00
   2.0090000e+03   6.0000000e+00   6.0000000e+00   2.1000000e+01   5.5000000e+01   0.0000000e+00  -2.8445000e+00  -1.8005001e+00  -1.6680000e+00   3.7570207e+00
   2.0090000e+03   6.0000000e+00   6.0000000e+00   2.1000000e+01   5.6000000e+01   0.0000000e+00  -2.8370000e+00  -1.8565000e+00  -1.5895000e+00   3.7445522e+00
   2.0090000e+03   6.0000000e+00   6.0000000e+00   2.1000000e+01   5.7000000e+01   0.0000000e+00  -2.7460000e+00  -2.0385000e+00  -1.4710000e+00   3.7228805e+00
   2.0090000e+03   6.0000000e+00   6.0000000e+00   2.1000000e+01   5.8000000e+01   0.0000000e+00  -2.7865001e+00  -2.0259999e+00  -1.4045001e+00   3.7204676e+00
   2.0090000e+03   6.0000000e+00   6.0000000e+00   2.1000000e+01   5.9000000e+01   0.0000000e+00  -2.8850000e+00  -2.0025000e+00  -1.4835000e+00   3.8123488e+00
   2.0090000e+03   6.0000000e+00   6.0000000e+00   2.2000000e+01   0.0000000e+00   0.0000000e+00  -2.6740000e+00  -2.2380000e+00  -1.3420001e+00   3.7362928e+00
