   2.0090000e+03   6.0000000e+00   2.2000000e+01   1.6000000e+01   3.3000000e+01   0.0000000e+00   1.8080000e+00  -9.7950000e-01  -1.7165000e+00   2.6785549e+00
   2.0090000e+03   6.0000000e+00   2.2000000e+01   1.6000000e+01   3.4000000e+01   0.0000000e+00   1.5210000e+00  -1.1500000e+00  -1.7760000e+00   2.6057853e+00
   2.0090000e+03   6.0000000e+00   2.2000000e+01   1.6000000e+01   3.5000000e+01   0.0000000e+00   1.4305000e+00  -1.4180000e+00  -1.7010000e+00   2.6363716e+00
   2.0090000e+03   6.0000000e+00   2.2000000e+01   1.6000000e+01   3.6000000e+01   0.0000000e+00   1.3900000e+00  -4.6800000e-01  -2.0025000e+00   2.4821624e+00
   2.0090000e+03   6.0000000e+00   2.2000000e+01   1.6000000e+01   3.7000000e+01   0.0000000e+00   1.5639999e+00  -5.9699997e-01  -1.9600000e+00   2.5776161e+00
   2.0090000e+03   6.0000000e+00   2.2000000e+01   1.6000000e+01   3.8000000e+01   0.0000000e+00   1.7870000e+00   1.0550000e-01  -2.1465000e+00   2.7949886e+00
   2.0090000e+03   6.0000000e+00   2.2000000e+01   1.6000000e+01   3.9000000e+01   0.0000000e+00   1.5765000e+00  -6.3100000e-01  -2.0700000e+00   2.6773893e+00
   2.0090000e+03   6.0000000e+00   2.2000000e+01   1.6000000e+01   4.0000000e+01   0.0000000e+00   1.5850000e+00  -2.0300008e-01  -2.1015001e+00   2.6400259e+00
   2.0090000e+03   6.0000000e+00   2.2000000e+01   1.6000000e+01   4.1000000e+01   0.0000000e+00   1.5265000e+00  -3.0100000e-01  -2.2460000e+00   2.7322736e+00
   2.0090000e+03   6.0000000e+00   2.2000000e+01   1.6000000e+01   4.2000000e+01   0.0000000e+00   1.7110000e+00  -4.8349996e-01  -2.3054999e+00   2.9114641e+00
   2.0090000e+03   6.0000000e+00   2.2000000e+01   1.6000000e+01   4.3000000e+01   0.0000000e+00   1.7635000e+00  -5.8750009e-01  -2.3400000e+00   2.9884258e+00
   2.0090000e+03   6.0000000e+00   2.2000000e+01   1.6000000e+01   4.4000000e+01   0.0000000e+00   1.8570000e+00  -7.7400000e-01  -2.0980000e+00   2.9067386e+00
   2.0090000e+03   6.0000000e+00   2.2000000e+01   1.6000000e+01   4.5000000e+01   0.0000000e+00   1.8955000e+00  -8.4349995e-01  -1.8550000e+00   2.7830626e+00
   2.0090000e+03   6.0000000e+00   2.2000000e+01   1.6000000e+01   4.6000000e+01   0.0000000e+00   1.7779999e+00  -1.2735002e+00  -1.6105000e+00   2.7160259e+00
   2.0090000e+03   6.0000000e+00   2.2000000e+01   1.6000000e+01   4.7000000e+01   0.0000000e+00   1.8220000e+00  -7.9300000e-01  -2.0170000e+00   2.8313993e+00
   2.0090000e+03   6.0000000e+00   2.2000000e+01   1.6000000e+01   4.8000000e+01   0.0000000e+00   1.7525001e+00  -5.0600021e-01  -1.8415000e+00   2.5919906e+00
   2.0090000e+03   6.0000000e+00   2.2000000e+01   1.6000000e+01   4.9000000e+01   0.0000000e+00   2.0110000e+00  -2.4000040e-02  -1.8915001e+00   2.7608820e+00
   2.0090000e+03   6.0000000e+00   2.2000000e+01   1.6000000e+01   5.0000000e+01   0.0000000e+00   2.1320000e+00  -4.0000000e-02  -2.2385000e+00   3.0915864e+00
   2.0090000e+03   6.0000000e+00   2.2000000e+01   1.6000000e+01   5.1000000e+01   0.0000000e+00   2.4600001e+00  -1.4450003e-01  -2.1640000e+00   3.2795390e+00
   2.0090000e+03   6.0000000e+00   2.2000000e+01   1.6000000e+01   5.2000000e+01   0.0000000e+00   2.1730000e+00  -3.9700000e-01  -1.7720000e+00   2.8318761e+00
   2.0090000e+03   6.0000000e+00   2.2000000e+01   1.6000000e+01   5.3000000e+01   0.0000000e+00   2.4235000e+00  -1.4000000e-01  -1.4925000e+00   2.8496506e+00
   2.0090000e+03   6.0000000e+00   2.2000000e+01   1.6000000e+01   5.4000000e+01   0.0000000e+00   2.5885001e+00   4.8950017e-01  -1.9529999e+00   3.2793523e+00
   2.0090000e+03   6.0000000e+00   2.2000000e+01   1.6000000e+01   5.5000000e+01   0.0000000e+00   2.5265000e+00   9.0000000e-03  -2.3005000e+00   3.4169553e+00
   2.0090000e+03   6.0000000e+00   2.2000000e+01   1.6000000e+01   5.6000000e+01   0.0000000e+00   2.2150000e+00  -1.5100005e-01  -2.0285000e+00   3.0072975e+00
   2.0090000e+03   6.0000000e+00   2.2000000e+01   1.6000000e+01   5.7000000e+01   0.0000000e+00   1.8995000e+00   4.0500010e-01  -2.0315000e+00   2.8105369e+00
   2.0090000e+03   6.0000000e+00   2.2000000e+01   1.6000000e+01   5.8000000e+01   0.0000000e+00   2.0935000e+00   6.6250000e-01  -2.5265000e+00   3.3473647e+00
   2.0090000e+03   6.0000000e+00   2.2000000e+01   1.6000000e+01   5.9000000e+01   0.0000000e+00   1.5960001e+00   5.4549995e-01  -2.3600000e+00   2.9007562e+00
   2.0090000e+03   6.0000000e+00   2.2000000e+01   1.7000000e+01   0.0000000e+00   0.0000000e+00   1.3920000e+00   7.9500000e-01  -2.4085001e+00   2.8931923e+00
   2.0090000e+03   6.0000000e+00   2.2000000e+01   1.7000000e+01   1.0000000e+00   0.0000000e+00   8.8850000e-01   4.0400000e-01  -3.0980000e+00   3.2481152e+00
   2.0090000e+03   6.0000000e+00   2.2000000e+01   1.7000000e+01   2.0000000e+00   0.0000000e+00  -1.9300001e+00   1.7099992e-01  -2.0050002e+00   2.7882194e+00
   2.0090000e+03   6.0000000e+00   2.2000000e+01   1.7000000e+01   3.0000000e+00   0.0000000e+00   1.9720000e+00   1.3350000e+00  -9.6400010e-01   2.5691059e+00
   2.0090000e+03   6.0000000e+00   2.2000000e+01   1.7000000e+01   4.0000000e+00   0.0000000e+00   1.7105000e+00   8.5100000e-01  -1.2585000e+00   2.2877573e+00
   2.0090000e+03   6.0000000e+00   2.2000000e+01   1.7000000e+01   5.0000000e+00   0.0000000e+00  -6.1250011e-01   1.9760003e+00  -1.7874999e+00   2.7340244e+00
   2.0090000e+03   6.0000000e+00   2.2000000e+01   1.7000000e+01   6.0000000e+00   0.0000000e+00  -7.9450000e-01   2.0610000e+00  -2.2255000e+00   3.1355704e+00
   2.0090000e+03   6.0000000e+00   2.2000000e+01   1.7000000e+01   7.0000000e+00   0.0000000e+00  -1.1445000e+00   1.8325000e+00  -2.6075000e+00   3.3862948e+00
   2.0090000e+03   6.0000000e+00   2.2000000e+01   1.7000000e+01   8.0000000e+00   0.0000000e+00  -1.3079997e+00   1.4605004e+00  -2.2110001e+00   2.9550712e+00
   2.0090000e+03   6.0000000e+00   2.2000000e+01   1.7000000e+01   9.0000000e+00   0.0000000e+00   2.6725000e+00   1.4945000e+00  -3.1500000e-02   3.0621526e+00
   2.0090000e+03   6.0000000e+00   2.2000000e+01   1.7000000e+01   1.0000000e+01   0.0000000e+00   2.2845000e+00   1.3875000e+00  -7.8200000e-01   2.7848915e+00
   2.0090000e+03   6.0000000e+00   2.2000000e+01   1.7000000e+01   1.1000000e+01   0.0000000e+00   1.8599999e+00   1.7535001e+00  -6.7200010e-01   2.6430941e+00
   2.0090000e+03   6.0000000e+00   2.2000000e+01   1.7000000e+01   1.2000000e+01   0.0000000e+00   8.2950000e-01   1.5465000e+00  -1.7070000e+00   2.4481792e+00
   2.0090000e+03   6.0000000e+00   2.2000000e+01   1.7000000e+01   1.3000000e+01   0.0000000e+00   5.7199991e-01  -1.0739999e+00  -3.2245001e+00   3.4464562e+00
   2.0090000e+03   6.0000000e+00   2.2000000e+01   1.7000000e+01   1.4000000e+01   0.0000000e+00   4.3350008e-01  -6.0549982e-01  -3.0455001e+00   3.1352230e+00
   2.0090000e+03   6.0000000e+00   2.2000000e+01   1.7000000e+01   1.5000000e+01   0.0000000e+00   8.8450000e-01   2.8550000e-01  -2.7295000e+00   2.8834044e+00
   2.0090000e+03   6.0000000e+00   2.2000000e+01   1.7000000e+01   1.6000000e+01   0.0000000e+00   1.4590000e+00   4.7950005e-01  -2.6684999e+00   3.0788786e+00
   2.0090000e+03   6.0000000e+00   2.2000000e+01   1.7000000e+01   1.7000000e+01   0.0000000e+00   1.5545000e+00   3.3999879e-02  -2.9895000e+00   3.3696790e+00
   2.0090000e+03   6.0000000e+00   2.2000000e+01   1.7000000e+01   1.8000000e+01   0.0000000e+00   1.5065000e+00  -3.4100000e-01  -3.0750000e+00   3.4411405e+00
   2.0090000e+03   6.0000000e+00   2.2000000e+01   1.7000000e+01   1.9000000e+01   0.0000000e+00   1.1760001e+00   1.6550012e-01  -3.0350001e+00   3.2590784e+00
   2.0090000e+03   6.0000000e+00   2.2000000e+01   1.7000000e+01   2.0000000e+01   0.0000000e+00   1.1185000e+00  -1.9250000e-01  -2.8000000e+00   3.0212743e+00
   2.0090000e+03   6.0000000e+00   2.2000000e+01   1.7000000e+01   2.1000000e+01   0.0000000e+00   1.0335000e+00   1.1100000e-01  -2.6935000e+00   2.8871068e+00
   2.0090000e+03   6.0000000e+00   2.2000000e+01   1.7000000e+01   2.2000000e+01   0.0000000e+00   9.0399999e-01   5.1349994e-01  -2.6600000e+00   2.8559583e+00
   2.0090000e+03   6.0000000e+00   2.2000000e+01   1.7000000e+01   2.3000000e+01   0.0000000e+00   1.1415000e+00   8.3150000e-01  -2.6745000e+00   3.0244611e+00
   2.0090000e+03   6.0000000e+00   2.2000000e+01   1.7000000e+01   2.4000000e+01   0.0000000e+00   1.7110000e+00   3.5700000e-01  -2.7260000e+00   3.2382165e+00
   2.0090000e+03   6.0000000e+00   2.2000000e+01   1.7000000e+01   2.5000000e+01   0.0000000e+00   1.6655000e+00   8.5999990e-02  -2.7174999e+00   3.1884310e+00
   2.0090000e+03   6.0000000e+00   2.2000000e+01   1.7000000e+01   2.6000000e+01   0.0000000e+00   1.3440000e+00   1.6900000e-01  -2.8115000e+00   3.1208059e+00
   2.0090000e+03   6.0000000e+00   2.2000000e+01   1.7000000e+01   2.7000000e+01   0.0000000e+00   7.3400001e-01   1.2349999e+00  -2.5450001e+00   2.9225000e+00
   2.0090000e+03   6.0000000e+00   2.2000000e+01   1.7000000e+01   2.8000000e+01   0.0000000e+00  -1.5049994e-01   1.9430000e+00  -2.3230000e+00   3.0321985e+00
   2.0090000e+03   6.0000000e+00   2.2000000e+01   1.7000000e+01   2.9000000e+01   0.0000000e+00   8.1950000e-01   9.1700000e-01  -2.9135000e+00   3.1624281e+00
   2.0090000e+03   6.0000000e+00   2.2000000e+01   1.7000000e+01   3.0000000e+01   0.0000000e+00   7.4750010e-01   7.7200004e-01  -3.0794999e+00   3.2616039e+00
   2.0090000e+03   6.0000000e+00   2.2000000e+01   1.7000000e+01   3.1000000e+01   0.0000000e+00   4.6800005e-01   8.9900013e-01  -3.2015000e+00   3.3580988e+00
   2.0090000e+03   6.0000000e+00   2.2000000e+01   1.7000000e+01   3.2000000e+01   0.0000000e+00   1.4500000e-02   1.4590000e+00  -2.9255000e+00   3.2691653e+00
   2.0090000e+03   6.0000000e+00   2.2000000e+01   1.7000000e+01   3.3000000e+01   0.0000000e+00   3.0250010e-01   1.6270000e+00  -2.8150000e+00   3.2654035e+00
   2.0090000e+03   6.0000000e+00   2.2000000e+01   1.7000000e+01   3.4000000e+01   0.0000000e+00   5.6849994e-01   1.4735001e+00  -2.7239999e+00   3.1487411e+00
   2.0090000e+03   6.0000000e+00   2.2000000e+01   1.7000000e+01   3.5000000e+01   0.0000000e+00   9.7300000e-01   1.3780000e+00  -2.6835000e+00   3.1696664e+00
   2.0090000e+03   6.0000000e+00   2.2000000e+01   1.7000000e+01   3.6000000e+01   0.0000000e+00   9.8300017e-01   1.3130000e+00  -2.7120000e+00   3.1694168e+00
   2.0090000e+03   6.0000000e+00   2.2000000e+01   1.7000000e+01   3.7000000e+01   0.0000000e+00   1.1955000e+00   1.1920000e+00  -2.8185000e+00   3.2854264e+00
   2.0090000e+03   6.0000000e+00   2.2000000e+01   1.7000000e+01   3.8000000e+01   0.0000000e+00   1.3640000e+00   8.4850000e-01  -2.6745000e+00   3.1198395e+00
   2.0090000e+03   6.0000000e+00   2.2000000e+01   1.7000000e+01   3.9000000e+01   0.0000000e+00   1.1354999e+00   1.2560001e+00  -2.5434999e+00   3.0555340e+00
   2.0090000e+03   6.0000000e+00   2.2000000e+01   1.7000000e+01   4.0000000e+01   0.0000000e+00   7.1400000e-01   1.7030000e+00  -2.3260000e+00   2.9698958e+00
   2.0090000e+03   6.0000000e+00   2.2000000e+01   1.7000000e+01   4.1000000e+01   0.0000000e+00   4.8900002e-01   1.9100000e+00  -2.2900000e+00   3.0218075e+00
   2.0090000e+03   6.0000000e+00   2.2000000e+01   1.7000000e+01   4.2000000e+01   0.0000000e+00   2.3399994e-01   2.1845000e+00  -2.1625000e+00   3.0827265e+00
   2.0090000e+03   6.0000000e+00   2.2000000e+01   1.7000000e+01   4.3000000e+01   0.0000000e+00   5.4000000e-02   2.2710000e+00  -2.2125000e+00   3.1710429e+00
   2.0090000e+03   6.0000000e+00   2.2000000e+01   1.7000000e+01   4.4000000e+01   0.0000000e+00  -1.2000070e-02   2.3415000e+00  -2.1640000e+00   3.1883635e+00
   2.0090000e+03   6.0000000e+00   2.2000000e+01   1.7000000e+01   4.5000000e+01   0.0000000e+00  -4.8000040e-02   2.3955000e+00  -2.0924999e+00   3.1810816e+00
   2.0090000e+03   6.0000000e+00   2.2000000e+01   1.7000000e+01   4.6000000e+01   0.0000000e+00  -3.6950000e-01   2.4440000e+00  -2.0775000e+00   3.2288810e+00
   2.0090000e+03   6.0000000e+00   2.2000000e+01   1.7000000e+01   4.7000000e+01   0.0000000e+00  -5.5449988e-01   2.4289999e+00  -2.0620001e+00   3.2340927e+00
   2.0090000e+03   6.0000000e+00   2.2000000e+01   1.7000000e+01   4.8000000e+01   0.0000000e+00  -6.0499997e-01   2.4325000e+00  -2.0310000e+00   3.2261498e+00
   2.0090000e+03   6.0000000e+00   2.2000000e+01   1.7000000e+01   4.9000000e+01   0.0000000e+00  -6.8500000e-01   2.4795000e+00  -2.0255000e+00   3.2741099e+00
   2.0090000e+03   6.0000000e+00   2.2000000e+01   1.7000000e+01   5.0000000e+01   0.0000000e+00  -6.6049997e-01   2.5945000e+00  -2.1385000e+00   3.4264957e+00
   2.0090000e+03   6.0000000e+00   2.2000000e+01   1.7000000e+01   5.1000000e+01   0.0000000e+00  -4.3650000e-01   2.6390000e+00  -2.5340000e+00   3.6845636e+00
   2.0090000e+03   6.0000000e+00   2.2000000e+01   1.7000000e+01   5.2000000e+01   0.0000000e+00   1.6350000e-01   2.5900000e+00  -2.7310000e+00   3.7673855e+00
   2.0090000e+03   6.0000000e+00   2.2000000e+01   1.7000000e+01   5.3000000e+01   0.0000000e+00   3.5800001e-01   2.5675000e+00  -2.5330000e+00   3.6244047e+00
   2.0090000e+03   6.0000000e+00   2.2000000e+01   1.7000000e+01   5.4000000e+01   0.0000000e+00   2.8700000e-01   2.5375000e+00  -2.2975000e+00   3.4350810e+00
   2.0090000e+03   6.0000000e+00   2.2000000e+01   1.7000000e+01   5.5000000e+01   0.0000000e+00  -2.8800000e-01   2.6770000e+00  -2.0560000e+00   3.3876849e+00
   2.0090000e+03   6.0000000e+00   2.2000000e+01   1.7000000e+01   5.6000000e+01   0.0000000e+00  -8.4400006e-01   2.6660001e+00  -1.8450001e+00   3.3502116e+00
   2.0090000e+03   6.0000000e+00   2.2000000e+01   1.7000000e+01   5.7000000e+01   0.0000000e+00  -1.3075000e+00   2.6370000e+00  -1.7410000e+00   3.4197085e+00
   2.0090000e+03   6.0000000e+00   2.2000000e+01   1.7000000e+01   5.8000000e+01   0.0000000e+00  -1.5685000e+00   2.6075000e+00  -1.5075000e+00   3.3958511e+00
   2.0090000e+03   6.0000000e+00   2.2000000e+01   1.7000000e+01   5.9000000e+01   0.0000000e+00  -1.9470000e+00   2.4930000e+00  -1.2615000e+00   3.4054721e+00
   2.0090000e+03   6.0000000e+00   2.2000000e+01   1.8000000e+01   0.0000000e+00   0.0000000e+00  -2.0130000e+00   2.4425000e+00  -1.1385000e+00   3.3636524e+00
   2.0090000e+03   6.0000000e+00   2.2000000e+01   1.8000000e+01   1.0000000e+00   0.0000000e+00  -2.1150000e+00   2.3990000e+00  -1.0970000e+00   3.3810997e+00
   2.0090000e+03   6.0000000e+00   2.2000000e+01   1.8000000e+01   2.0000000e+00   0.0000000e+00  -2.1475001e+00   2.4395000e+00  -1.1110000e+00   3.4347107e+00
   2.0090000e+03   6.0000000e+00   2.2000000e+01   1.8000000e+01   3.0000000e+00   0.0000000e+00  -2.2955000e+00   2.4210000e+00  -1.1220000e+00   3.5198644e+00
   2.0090000e+03   6.0000000e+00   2.2000000e+01   1.8000000e+01   4.0000000e+00   0.0000000e+00  -2.2225000e+00   2.3750000e+00  -9.6549995e-01   3.3929812e+00
   2.0090000e+03   6.0000000e+00   2.2000000e+01   1.8000000e+01   5.0000000e+00   0.0000000e+00  -2.4065000e+00   2.2200000e+00  -7.5200000e-01   3.3593372e+00
   2.0090000e+03   6.0000000e+00   2.2000000e+01   1.8000000e+01   6.0000000e+00   0.0000000e+00  -2.1620000e+00   2.4770000e+00  -7.7900000e-01   3.3788480e+00
   2.0090000e+03   6.0000000e+00   2.2000000e+01   1.8000000e+01   7.0000000e+00   0.0000000e+00  -2.1875001e+00   2.2650000e+00  -6.3699999e-01   3.2126547e+00
   2.0090000e+03   6.0000000e+00   2.2000000e+01   1.8000000e+01   8.0000000e+00   0.0000000e+00  -1.7995000e+00   2.6365000e+00  -5.6900000e-01   3.2423901e+00
   2.0090000e+03   6.0000000e+00   2.2000000e+01   1.8000000e+01   9.0000000e+00   0.0000000e+00  -2.2455000e+00   2.4730000e+00  -7.5700000e-01   3.4250618e+00
   2.0090000e+03   6.0000000e+00   2.2000000e+01   1.8000000e+01   1.0000000e+01   0.0000000e+00  -2.3820000e+00   2.7125000e+00  -7.8650006e-01   3.6946127e+00
   2.0090000e+03   6.0000000e+00   2.2000000e+01   1.8000000e+01   1.1000000e+01   0.0000000e+00  -2.7855000e+00   2.7645000e+00  -9.9550000e-01   4.0487641e+00
   2.0090000e+03   6.0000000e+00   2.2000000e+01   1.8000000e+01   1.2000000e+01   0.0000000e+00  -3.3034998e+00   2.7625001e+00  -1.1015000e+00   4.4449769e+00
   2.0090000e+03   6.0000000e+00   2.2000000e+01   1.8000000e+01   1.3000000e+01   0.0000000e+00  -2.7324999e+00   3.3270001e+00  -1.4225000e+00   4.5342024e+00
   2.0090000e+03   6.0000000e+00   2.2000000e+01   1.8000000e+01   1.4000000e+01   0.0000000e+00  -4.0950000e-01   4.7110000e+00  -1.7075000e+00   5.0276006e+00
   2.0090000e+03   6.0000000e+00   2.2000000e+01   1.8000000e+01   1.5000000e+01   0.0000000e+00  -6.2199997e-01   4.5330000e+00  -2.0135000e+00   4.9989154e+00
   2.0090000e+03   6.0000000e+00   2.2000000e+01   1.8000000e+01   1.6000000e+01   0.0000000e+00  -9.7499983e-01   4.2500000e+00  -2.2030001e+00   4.8853182e+00
   2.0090000e+03   6.0000000e+00   2.2000000e+01   1.8000000e+01   1.7000000e+01   0.0000000e+00  -1.3420000e+00   3.9580000e+00  -2.4150000e+00   4.8268989e+00
   2.0090000e+03   6.0000000e+00   2.2000000e+01   1.8000000e+01   1.8000000e+01   0.0000000e+00  -1.4360000e+00   3.7320000e+00  -2.6655000e+00   4.8057060e+00
   2.0090000e+03   6.0000000e+00   2.2000000e+01   1.8000000e+01   1.9000000e+01   0.0000000e+00  -1.3154999e+00   3.7045000e+00  -2.8440001e+00   4.8520302e+00
   2.0090000e+03   6.0000000e+00   2.2000000e+01   1.8000000e+01   2.0000000e+01   0.0000000e+00  -1.1625000e+00   3.6895000e+00  -2.9655000e+00   4.8742186e+00
   2.0090000e+03   6.0000000e+00   2.2000000e+01   1.8000000e+01   2.1000000e+01   0.0000000e+00  -1.2905000e+00   3.3875000e+00  -3.0315000e+00   4.7255199e+00
   2.0090000e+03   6.0000000e+00   2.2000000e+01   1.8000000e+01   2.2000000e+01   0.0000000e+00  -1.2700000e+00   3.3080000e+00  -3.3170000e+00   4.8536845e+00
   2.0090000e+03   6.0000000e+00   2.2000000e+01   1.8000000e+01   2.3000000e+01   0.0000000e+00  -9.9250000e-01   3.2770000e+00  -3.8275000e+00   5.1355176e+00
   2.0090000e+03   6.0000000e+00   2.2000000e+01   1.8000000e+01   2.4000000e+01   0.0000000e+00  -8.4899991e-01   3.1400001e+00  -4.3845000e+00   5.4593261e+00
   2.0090000e+03   6.0000000e+00   2.2000000e+01   1.8000000e+01   2.5000000e+01   0.0000000e+00   7.4500000e-02   2.7695000e+00  -4.4450000e+00   5.2377195e+00
   2.0090000e+03   6.0000000e+00   2.2000000e+01   1.8000000e+01   2.6000000e+01   0.0000000e+00   2.0954998e+00   2.0035001e+00  -3.7780002e+00   4.7621862e+00
   2.0090000e+03   6.0000000e+00   2.2000000e+01   1.8000000e+01   2.7000000e+01   0.0000000e+00   4.4305001e+00   5.3349990e-01  -2.6914999e+00   5.2113458e+00
   2.0090000e+03   6.0000000e+00   2.2000000e+01   1.8000000e+01   2.8000000e+01   0.0000000e+00   6.7960000e+00   3.0400000e-01  -2.3115000e+00   7.1847800e+00
   2.0090000e+03   6.0000000e+00   2.2000000e+01   1.8000000e+01   2.9000000e+01   0.0000000e+00   7.4635001e+00  -4.5850002e-01  -4.0600006e-01   7.4885841e+00
   2.0090000e+03   6.0000000e+00   2.2000000e+01   1.8000000e+01   3.0000000e+01   0.0000000e+00   4.2879996e+00  -7.3050006e-01  -7.6900029e-01   4.4172313e+00
   2.0090000e+03   6.0000000e+00   2.2000000e+01   1.8000000e+01   3.1000000e+01   0.0000000e+00   2.1360000e+00  -8.5650000e-01  -1.6565000e+00   2.8355036e+00
   2.0090000e+03   6.0000000e+00   2.2000000e+01   1.8000000e+01   3.2000000e+01   0.0000000e+00   1.6350000e+00  -8.0600009e-01  -1.2360002e+00   2.2023982e+00
   2.0090000e+03   6.0000000e+00   2.2000000e+01   1.8000000e+01   3.3000000e+01   0.0000000e+00   1.1695000e+00  -5.1449991e-01  -1.2309998e+00   1.7742043e+00
   2.0090000e+03   6.0000000e+00   2.2000000e+01   1.8000000e+01   3.4000000e+01   0.0000000e+00   1.1720000e+00  -3.0250000e-01  -8.4800000e-01   1.4779020e+00
   2.0090000e+03   6.0000000e+00   2.2000000e+01   1.8000000e+01   3.5000000e+01   0.0000000e+00   2.5539998e+00  -1.5250003e-01  -1.0700001e+00   2.7732781e+00
   2.0090000e+03   6.0000000e+00   2.2000000e+01   1.8000000e+01   3.6000000e+01   0.0000000e+00   7.2640000e+00   6.2500000e-01  -2.5050000e+00   7.7091728e+00
   2.0090000e+03   6.0000000e+00   2.2000000e+01   1.8000000e+01   3.7000000e+01   0.0000000e+00   5.9210000e+00   1.5050000e+00  -3.2550000e+00   6.9223039e+00
   2.0090000e+03   6.0000000e+00   2.2000000e+01   1.8000000e+01   3.8000000e+01   0.0000000e+00   6.1280000e+00   1.8940003e+00  -4.6520000e+00   7.9234289e+00
   2.0090000e+03   6.0000000e+00   2.2000000e+01   1.8000000e+01   3.9000000e+01   0.0000000e+00   5.3200000e+00   4.4200000e+00  -4.5940000e+00   8.3032305e+00
   2.0090000e+03   6.0000000e+00   2.2000000e+01   1.8000000e+01   4.0000000e+01   0.0000000e+00   5.1170000e+00   5.0790000e+00  -4.1375000e+00   8.3125710e+00
   2.0090000e+03   6.0000000e+00   2.2000000e+01   1.8000000e+01   4.1000000e+01   0.0000000e+00   4.4310000e+00   5.5589999e+00  -3.5230000e+00   7.9339631e+00
   2.0090000e+03   6.0000000e+00   2.2000000e+01   1.8000000e+01   4.2000000e+01   0.0000000e+00   4.0085000e+00   5.7435000e+00  -3.0250000e+00   7.6293178e+00
   2.0090000e+03   6.0000000e+00   2.2000000e+01   1.8000000e+01   4.3000000e+01   0.0000000e+00   3.5820000e+00   5.5200000e+00  -2.4880001e+00   7.0350031e+00
   2.0090000e+03   6.0000000e+00   2.2000000e+01   1.8000000e+01   4.4000000e+01   0.0000000e+00   3.4755001e+00   5.1035001e+00  -2.3074999e+00   6.5916136e+00
   2.0090000e+03   6.0000000e+00   2.2000000e+01   1.8000000e+01   4.5000000e+01   0.0000000e+00   3.3515000e+00   4.7945000e+00  -2.1345000e+00   6.2270276e+00
   2.0090000e+03   6.0000000e+00   2.2000000e+01   1.8000000e+01   4.6000000e+01   0.0000000e+00   3.3154999e+00   4.8219999e+00  -2.0509999e+00   6.2008728e+00
   2.0090000e+03   6.0000000e+00   2.2000000e+01   1.8000000e+01   4.7000000e+01   0.0000000e+00   3.3000000e+00   4.6990001e+00  -2.0960000e+00   6.1125950e+00
   2.0090000e+03   6.0000000e+00   2.2000000e+01   1.8000000e+01   4.8000000e+01   0.0000000e+00   3.0730000e+00   4.7850000e+00  -1.7630000e+00   5.9537990e+00
   2.0090000e+03   6.0000000e+00   2.2000000e+01   1.8000000e+01   4.9000000e+01   0.0000000e+00   2.9635000e+00   4.8314999e+00  -1.8445001e+00   5.9605289e+00
   2.0090000e+03   6.0000000e+00   2.2000000e+01   1.8000000e+01   5.0000000e+01   0.0000000e+00   2.8265000e+00   4.8085000e+00  -1.8730000e+00   5.8837831e+00
   2.0090000e+03   6.0000000e+00   2.2000000e+01   1.8000000e+01   5.1000000e+01   0.0000000e+00   2.8835000e+00   4.4690000e+00  -1.6295000e+00   5.5625357e+00
   2.0090000e+03   6.0000000e+00   2.2000000e+01   1.8000000e+01   5.2000000e+01   0.0000000e+00   3.0775000e+00   4.3015000e+00  -1.6840000e+00   5.5506544e+00
   2.0090000e+03   6.0000000e+00   2.2000000e+01   1.8000000e+01   5.3000000e+01   0.0000000e+00   3.1360000e+00   3.9820000e+00  -1.8755000e+00   5.4044722e+00
   2.0090000e+03   6.0000000e+00   2.2000000e+01   1.8000000e+01   5.4000000e+01   0.0000000e+00   3.2335000e+00   3.9420000e+00  -2.1465000e+00   5.5319389e+00
   2.0090000e+03   6.0000000e+00   2.2000000e+01   1.8000000e+01   5.5000000e+01   0.0000000e+00   2.6189999e+00   3.8135000e+00  -1.8665002e+00   4.9885635e+00
   2.0090000e+03   6.0000000e+00   2.2000000e+01   1.8000000e+01   5.6000000e+01   0.0000000e+00   2.5130000e+00   3.9905000e+00  -1.5105000e+00   4.9518552e+00
   2.0090000e+03   6.0000000e+00   2.2000000e+01   1.8000000e+01   5.7000000e+01   0.0000000e+00   2.3059999e+00   4.0310000e+00  -1.6125000e+00   4.9159691e+00
   2.0090000e+03   6.0000000e+00   2.2000000e+01   1.8000000e+01   5.8000000e+01   0.0000000e+00   2.2175000e+00   3.9690001e+00  -1.4864999e+00   4.7832991e+00
   2.0090000e+03   6.0000000e+00   2.2000000e+01   1.8000000e+01   5.9000000e+01   0.0000000e+00   2.2170000e+00   3.8605000e+00  -1.6360000e+00   4.7428942e+00
   2.0090000e+03   6.0000000e+00   2.2000000e+01   1.9000000e+01   0.0000000e+00   0.0000000e+00   2.1165000e+00   3.8335001e+00  -1.3005000e+00   4.5679969e+00
   2.0090000e+03   6.0000000e+00   2.2000000e+01   1.9000000e+01   1.0000000e+00   0.0000000e+00   2.2744999e+00   3.4900001e+00  -1.6979998e+00   4.4985169e+00
   2.0090000e+03   6.0000000e+00   2.2000000e+01   1.9000000e+01   2.0000000e+00   0.0000000e+00   2.5350000e+00   3.5650000e+00  -1.9540000e+00   4.7909880e+00
   2.0090000e+03   6.0000000e+00   2.2000000e+01   1.9000000e+01   3.0000000e+00   0.0000000e+00   2.4875000e+00   3.7880001e+00  -1.5935000e+00   4.8037322e+00
   2.0090000e+03   6.0000000e+00   2.2000000e+01   1.9000000e+01   4.0000000e+00   0.0000000e+00   2.5730001e+00   3.8630002e+00  -1.5125002e+00   4.8816756e+00
   2.0090000e+03   6.0000000e+00   2.2000000e+01   1.9000000e+01   5.0000000e+00   0.0000000e+00   2.3890000e+00   3.7075000e+00  -1.5190000e+00   4.6647871e+00
   2.0090000e+03   6.0000000e+00   2.2000000e+01   1.9000000e+01   6.0000000e+00   0.0000000e+00   2.3675000e+00   3.7654999e+00  -1.5965000e+00   4.7257653e+00
   2.0090000e+03   6.0000000e+00   2.2000000e+01   1.9000000e+01   7.0000000e+00   0.0000000e+00   2.4540000e+00   3.8610000e+00  -1.7680000e+00   4.9046163e+00
   2.0090000e+03   6.0000000e+00   2.2000000e+01   1.9000000e+01   8.0000000e+00   0.0000000e+00   2.5190000e+00   3.9710000e+00  -1.6735000e+00   4.9914732e+00
   2.0090000e+03   6.0000000e+00   2.2000000e+01   1.9000000e+01   9.0000000e+00   0.0000000e+00   2.2940000e+00   3.6040000e+00  -2.0430001e+00   4.7355149e+00
   2.0090000e+03   6.0000000e+00   2.2000000e+01   1.9000000e+01   1.0000000e+01   0.0000000e+00   2.3780000e+00   3.5585000e+00  -1.8320000e+00   4.6555376e+00
   2.0090000e+03   6.0000000e+00   2.2000000e+01   1.9000000e+01   1.1000000e+01   0.0000000e+00   2.4205000e+00   3.7935000e+00  -1.6460000e+00   4.7915320e+00
   2.0090000e+03   6.0000000e+00   2.2000000e+01   1.9000000e+01   1.2000000e+01   0.0000000e+00   2.6435000e+00   4.0360000e+00  -1.6825000e+00   5.1096178e+00
   2.0090000e+03   6.0000000e+00   2.2000000e+01   1.9000000e+01   1.3000000e+01   0.0000000e+00   2.6390000e+00   3.9115000e+00  -1.6780000e+00   5.0079774e+00
   2.0090000e+03   6.0000000e+00   2.2000000e+01   1.9000000e+01   1.4000000e+01   0.0000000e+00   2.5625000e+00   3.8310000e+00  -1.7285000e+00   4.9224668e+00
   2.0090000e+03   6.0000000e+00   2.2000000e+01   1.9000000e+01   1.5000000e+01   0.0000000e+00   2.5285000e+00   3.7375000e+00  -1.7335001e+00   4.8339674e+00
   2.0090000e+03   6.0000000e+00   2.2000000e+01   1.9000000e+01   1.6000000e+01   0.0000000e+00   2.8165000e+00   3.8305000e+00  -1.8100000e+00   5.0873866e+00
   2.0090000e+03   6.0000000e+00   2.2000000e+01   1.9000000e+01   1.7000000e+01   0.0000000e+00   2.4315001e+00   4.3185000e+00  -1.8029999e+00   5.2737504e+00
   2.0090000e+03   6.0000000e+00   2.2000000e+01   1.9000000e+01   1.8000000e+01   0.0000000e+00   2.5040000e+00   4.2160000e+00  -1.8165001e+00   5.2291820e+00
   2.0090000e+03   6.0000000e+00   2.2000000e+01   1.9000000e+01   1.9000000e+01   0.0000000e+00   2.3600000e+00   4.3110000e+00  -1.6955000e+00   5.1989462e+00
   2.0090000e+03   6.0000000e+00   2.2000000e+01   1.9000000e+01   2.0000000e+01   0.0000000e+00   2.3589999e+00   4.3519999e+00  -1.9265001e+00   5.3118911e+00
   2.0090000e+03   6.0000000e+00   2.2000000e+01   1.9000000e+01   2.1000000e+01   0.0000000e+00   2.4205000e+00   4.3905000e+00  -1.8775000e+00   5.3535331e+00
   2.0090000e+03   6.0000000e+00   2.2000000e+01   1.9000000e+01   2.2000000e+01   0.0000000e+00   2.3700000e+00   4.3915000e+00  -1.8910000e+00   5.3364832e+00
   2.0090000e+03   6.0000000e+00   2.2000000e+01   1.9000000e+01   2.3000000e+01   0.0000000e+00   2.4630000e+00   4.2990000e+00  -1.8820000e+00   5.2999711e+00
   2.0090000e+03   6.0000000e+00   2.2000000e+01   1.9000000e+01   2.4000000e+01   0.0000000e+00   2.5300000e+00   4.2625000e+00  -1.8630000e+00   5.2953352e+00
   2.0090000e+03   6.0000000e+00   2.2000000e+01   1.9000000e+01   2.5000000e+01   0.0000000e+00   2.4885000e+00   4.2450000e+00  -1.7860000e+00   5.2347353e+00
   2.0090000e+03   6.0000000e+00   2.2000000e+01   1.9000000e+01   2.6000000e+01   0.0000000e+00   2.4280001e+00   4.2160000e+00  -1.7520000e+00   5.1710100e+00
   2.0090000e+03   6.0000000e+00   2.2000000e+01   1.9000000e+01   2.7000000e+01   0.0000000e+00   2.4505000e+00   4.2030000e+00  -1.6490000e+00   5.1370575e+00
   2.0090000e+03   6.0000000e+00   2.2000000e+01   1.9000000e+01   2.8000000e+01   0.0000000e+00   2.4815000e+00   4.2365000e+00  -1.6830000e+00   5.1902084e+00
   2.0090000e+03   6.0000000e+00   2.2000000e+01   1.9000000e+01   2.9000000e+01   0.0000000e+00   2.5910000e+00   4.2055000e+00  -1.4990001e+00   5.1620260e+00
   2.0090000e+03   6.0000000e+00   2.2000000e+01   1.9000000e+01   3.0000000e+01   0.0000000e+00   2.6240000e+00   4.1155000e+00  -1.5265000e+00   5.1139924e+00
   2.0090000e+03   6.0000000e+00   2.2000000e+01   1.9000000e+01   3.1000000e+01   0.0000000e+00   2.6449999e+00   4.1015000e+00  -1.5620001e+00   5.1242728e+00
   2.0090000e+03   6.0000000e+00   2.2000000e+01   1.9000000e+01   3.2000000e+01   0.0000000e+00   3.0165001e+00   3.9709999e+00  -1.4285000e+00   5.1873621e+00
   2.0090000e+03   6.0000000e+00   2.2000000e+01   1.9000000e+01   3.3000000e+01   0.0000000e+00   2.7700000e+00   3.9855000e+00  -1.7400000e+00   5.1560363e+00
   2.0090000e+03   6.0000000e+00   2.2000000e+01   1.9000000e+01   3.4000000e+01   0.0000000e+00   2.6379999e+00   4.0995000e+00  -1.7620000e+00   5.1835883e+00
   2.0090000e+03   6.0000000e+00   2.2000000e+01   1.9000000e+01   3.5000000e+01   0.0000000e+00   2.6425000e+00   3.9810000e+00  -1.8565000e+00   5.1261837e+00
   2.0090000e+03   6.0000000e+00   2.2000000e+01   1.9000000e+01   3.6000000e+01   0.0000000e+00   2.4500000e+00   4.1280000e+00  -1.7905000e+00   5.1233558e+00
   2.0090000e+03   6.0000000e+00   2.2000000e+01   1.9000000e+01   3.7000000e+01   0.0000000e+00   2.4385000e+00   4.1160000e+00  -1.8495000e+00   5.1291703e+00
   2.0090000e+03   6.0000000e+00   2.2000000e+01   1.9000000e+01   3.8000000e+01   0.0000000e+00   2.4380000e+00   3.9840000e+00  -1.5930000e+00   4.9349518e+00
   2.0090000e+03   6.0000000e+00   2.2000000e+01   1.9000000e+01   3.9000000e+01   0.0000000e+00   2.4350000e+00   4.0815000e+00  -1.6470000e+00   5.0299579e+00
   2.0090000e+03   6.0000000e+00   2.2000000e+01   1.9000000e+01   4.0000000e+01   0.0000000e+00   2.0685001e+00   4.8115000e+00  -1.1410002e+00   5.3601405e+00
   2.0090000e+03   6.0000000e+00   2.2000000e+01   1.9000000e+01   4.1000000e+01   0.0000000e+00   2.2280000e+00   4.6915000e+00  -1.3260000e+00   5.3602642e+00
   2.0090000e+03   6.0000000e+00   2.2000000e+01   1.9000000e+01   4.2000000e+01   0.0000000e+00   2.2235000e+00   4.3680001e+00  -1.3645000e+00   5.0877536e+00
   2.0090000e+03   6.0000000e+00   2.2000000e+01   1.9000000e+01   4.3000000e+01   0.0000000e+00   2.0650000e+00   4.4070000e+00  -1.0835000e+00   4.9859649e+00
   2.0090000e+03   6.0000000e+00   2.2000000e+01   1.9000000e+01   4.4000000e+01   0.0000000e+00   2.0185000e+00   4.6220000e+00  -1.0955000e+00   5.1611381e+00
   2.0090000e+03   6.0000000e+00   2.2000000e+01   1.9000000e+01   4.5000000e+01   0.0000000e+00   2.2710000e+00   4.8805001e+00  -1.2214999e+00   5.5198536e+00
   2.0090000e+03   6.0000000e+00   2.2000000e+01   1.9000000e+01   4.6000000e+01   0.0000000e+00   2.2274999e+00   4.9975001e+00  -1.1844999e+00   5.5981964e+00
   2.0090000e+03   6.0000000e+00   2.2000000e+01   1.9000000e+01   4.7000000e+01   0.0000000e+00   2.0850000e+00   5.1440000e+00  -9.2650000e-01   5.6272874e+00
   2.0090000e+03   6.0000000e+00   2.2000000e+01   1.9000000e+01   4.8000000e+01   0.0000000e+00   2.2110000e+00   4.9395000e+00  -1.0845000e+00   5.5193588e+00
   2.0090000e+03   6.0000000e+00   2.2000000e+01   1.9000000e+01   4.9000000e+01   0.0000000e+00   2.0290000e+00   4.8870000e+00  -1.0170001e+00   5.3883113e+00
   2.0090000e+03   6.0000000e+00   2.2000000e+01   1.9000000e+01   5.0000000e+01   0.0000000e+00   2.0945000e+00   4.8560000e+00  -1.1920000e+00   5.4211189e+00
   2.0090000e+03   6.0000000e+00   2.2000000e+01   1.9000000e+01   5.1000000e+01   0.0000000e+00   2.4970000e+00   4.7945000e+00  -1.2940000e+00   5.5584777e+00
   2.0090000e+03   6.0000000e+00   2.2000000e+01   1.9000000e+01   5.2000000e+01   0.0000000e+00   2.4485000e+00   4.8990000e+00  -1.2075000e+00   5.6083339e+00
   2.0090000e+03   6.0000000e+00   2.2000000e+01   1.9000000e+01   5.3000000e+01   0.0000000e+00   2.3075000e+00   4.8920000e+00  -1.2460000e+00   5.5505618e+00
   2.0090000e+03   6.0000000e+00   2.2000000e+01   1.9000000e+01   5.4000000e+01   0.0000000e+00   2.2485000e+00   4.8980000e+00  -1.1950000e+00   5.5203425e+00
   2.0090000e+03   6.0000000e+00   2.2000000e+01   1.9000000e+01   5.5000000e+01   0.0000000e+00   2.1565000e+00   5.0365000e+00  -1.1480000e+00   5.5977432e+00
   2.0090000e+03   6.0000000e+00   2.2000000e+01   1.9000000e+01   5.6000000e+01   0.0000000e+00   2.2295000e+00   4.9815000e+00  -1.0655000e+00   5.5606927e+00
   2.0090000e+03   6.0000000e+00   2.2000000e+01   1.9000000e+01   5.7000000e+01   0.0000000e+00   2.1809999e+00   4.8445000e+00  -1.2419999e+00   5.4560521e+00
   2.0090000e+03   6.0000000e+00   2.2000000e+01   1.9000000e+01   5.8000000e+01   0.0000000e+00   2.2370000e+00   4.7190000e+00  -1.1850000e+00   5.3551242e+00
   2.0090000e+03   6.0000000e+00   2.2000000e+01   1.9000000e+01   5.9000000e+01   0.0000000e+00   2.0675001e+00   4.7280000e+00  -1.2589998e+00   5.3116496e+00
   2.0090000e+03   6.0000000e+00   2.2000000e+01   2.0000000e+01   0.0000000e+00   0.0000000e+00   2.2040000e+00   4.6120000e+00  -1.1915001e+00   5.2486029e+00
   2.0090000e+03   6.0000000e+00   2.2000000e+01   2.0000000e+01   1.0000000e+00   0.0000000e+00   2.1435000e+00   4.5525000e+00  -1.0315000e+00   5.1365203e+00
   2.0090000e+03   6.0000000e+00   2.2000000e+01   2.0000000e+01   2.0000000e+00   0.0000000e+00   2.1280000e+00   4.6515000e+00  -9.8149997e-01   5.2084718e+00
   2.0090000e+03   6.0000000e+00   2.2000000e+01   2.0000000e+01   3.0000000e+00   0.0000000e+00   2.2049999e+00   4.5945000e+00  -9.9400005e-01   5.1922530e+00
   2.0090000e+03   6.0000000e+00   2.2000000e+01   2.0000000e+01   4.0000000e+00   0.0000000e+00   2.1800000e+00   4.6905000e+00  -1.0825000e+00   5.2844107e+00
   2.0090000e+03   6.0000000e+00   2.2000000e+01   2.0000000e+01   5.0000000e+00   0.0000000e+00   2.1180000e+00   4.8110000e+00  -1.0075000e+00   5.3522613e+00
   2.0090000e+03   6.0000000e+00   2.2000000e+01   2.0000000e+01   6.0000000e+00   0.0000000e+00   2.1615000e+00   4.8740000e+00  -1.0020000e+00   5.4251232e+00
   2.0090000e+03   6.0000000e+00   2.2000000e+01   2.0000000e+01   7.0000000e+00   0.0000000e+00   2.3455000e+00   4.7785000e+00  -1.1570000e+00   5.4473922e+00
   2.0090000e+03   6.0000000e+00   2.2000000e+01   2.0000000e+01   8.0000000e+00   0.0000000e+00   2.2300000e+00   4.8260000e+00  -9.6899996e-01   5.4039002e+00
   2.0090000e+03   6.0000000e+00   2.2000000e+01   2.0000000e+01   9.0000000e+00   0.0000000e+00   2.1735000e+00   4.8630000e+00  -8.9350000e-01   5.4010382e+00
   2.0090000e+03   6.0000000e+00   2.2000000e+01   2.0000000e+01   1.0000000e+01   0.0000000e+00   2.1295000e+00   4.8590000e+00  -8.1900000e-01   5.3679989e+00
   2.0090000e+03   6.0000000e+00   2.2000000e+01   2.0000000e+01   1.1000000e+01   0.0000000e+00   2.0230000e+00   4.9370000e+00  -6.6050006e-01   5.3761286e+00
   2.0090000e+03   6.0000000e+00   2.2000000e+01   2.0000000e+01   1.2000000e+01   0.0000000e+00   2.0860000e+00   5.0940000e+00  -7.3750000e-01   5.5537499e+00
   2.0090000e+03   6.0000000e+00   2.2000000e+01   2.0000000e+01   1.3000000e+01   0.0000000e+00   1.9760001e+00   5.1680000e+00  -7.2500012e-01   5.5801815e+00
   2.0090000e+03   6.0000000e+00   2.2000000e+01   2.0000000e+01   1.4000000e+01   0.0000000e+00   2.0875000e+00   5.1605000e+00  -7.0050001e-01   5.6106253e+00
   2.0090000e+03   6.0000000e+00   2.2000000e+01   2.0000000e+01   1.5000000e+01   0.0000000e+00   2.1745000e+00   5.1750000e+00  -5.7250000e-01   5.6424136e+00
   2.0090000e+03   6.0000000e+00   2.2000000e+01   2.0000000e+01   1.6000000e+01   0.0000000e+00   2.3420000e+00   5.0230000e+00  -7.9949999e-01   5.5995262e+00
   2.0090000e+03   6.0000000e+00   2.2000000e+01   2.0000000e+01   1.7000000e+01   0.0000000e+00   2.3595000e+00   4.9525000e+00  -8.3350010e-01   5.5488034e+00
   2.0090000e+03   6.0000000e+00   2.2000000e+01   2.0000000e+01   1.8000000e+01   0.0000000e+00   2.2805000e+00   5.0035000e+00  -9.6750000e-01   5.5831666e+00
   2.0090000e+03   6.0000000e+00   2.2000000e+01   2.0000000e+01   1.9000000e+01   0.0000000e+00   2.3055000e+00   4.9880000e+00  -9.7949997e-01   5.5816570e+00
   2.0090000e+03   6.0000000e+00   2.2000000e+01   2.0000000e+01   2.0000000e+01   0.0000000e+00   2.3355000e+00   5.0390000e+00  -9.8700000e-01   5.6409441e+00
   2.0090000e+03   6.0000000e+00   2.2000000e+01   2.0000000e+01   2.1000000e+01   0.0000000e+00   2.3225000e+00   5.1160000e+00  -9.6550000e-01   5.7008466e+00
   2.0090000e+03   6.0000000e+00   2.2000000e+01   2.0000000e+01   2.2000000e+01   0.0000000e+00   2.4344999e+00   5.1015000e+00  -9.6200005e-01   5.7338936e+00
   2.0090000e+03   6.0000000e+00   2.2000000e+01   2.0000000e+01   2.3000000e+01   0.0000000e+00   2.1955000e+00   5.2795000e+00  -8.6000000e-01   5.7821225e+00
   2.0090000e+03   6.0000000e+00   2.2000000e+01   2.0000000e+01   2.4000000e+01   0.0000000e+00   2.1975000e+00   5.3240000e+00  -8.3950000e-01   5.8205449e+00
   2.0090000e+03   6.0000000e+00   2.2000000e+01   2.0000000e+01   2.5000000e+01   0.0000000e+00   2.4035001e+00   5.2880000e+00  -8.2399996e-01   5.8667480e+00
   2.0090000e+03   6.0000000e+00   2.2000000e+01   2.0000000e+01   2.6000000e+01   0.0000000e+00   2.2980000e+00   5.4235000e+00  -8.4250000e-01   5.9502069e+00
   2.0090000e+03   6.0000000e+00   2.2000000e+01   2.0000000e+01   2.7000000e+01   0.0000000e+00   2.4005000e+00   5.4065000e+00  -1.0030001e+00   5.9998876e+00
   2.0090000e+03   6.0000000e+00   2.2000000e+01   2.0000000e+01   2.8000000e+01   0.0000000e+00   2.2260000e+00   5.5985000e+00  -8.2400006e-01   6.0808925e+00
   2.0090000e+03   6.0000000e+00   2.2000000e+01   2.0000000e+01   2.9000000e+01   0.0000000e+00   2.3725000e+00   5.5695000e+00  -9.9900000e-01   6.1356408e+00
   2.0090000e+03   6.0000000e+00   2.2000000e+01   2.0000000e+01   3.0000000e+01   0.0000000e+00   2.2310000e+00   5.6235000e+00  -1.0505000e+00   6.1404123e+00
   2.0090000e+03   6.0000000e+00   2.2000000e+01   2.0000000e+01   3.1000000e+01   0.0000000e+00   2.2440001e+00   5.6635000e+00  -1.0300000e+00   6.1783225e+00
   2.0090000e+03   6.0000000e+00   2.2000000e+01   2.0000000e+01   3.2000000e+01   0.0000000e+00   2.3250000e+00   5.6775000e+00  -1.0855000e+00   6.2304046e+00
   2.0090000e+03   6.0000000e+00   2.2000000e+01   2.0000000e+01   3.3000000e+01   0.0000000e+00   2.1450001e+00   5.7530000e+00  -1.1154999e+00   6.2403826e+00
