   2.0090000e+03   7.0000000e+00   2.4000000e+01   1.3000000e+01   3.3000000e+01   0.0000000e+00   2.2515000e+00  -2.7000000e-02  -1.5400000e+00   2.7279262e+00
   2.0090000e+03   7.0000000e+00   2.4000000e+01   1.3000000e+01   3.4000000e+01   0.0000000e+00   2.3389999e+00   1.2699995e-01  -1.6090000e+00   2.8418182e+00
   2.0090000e+03   7.0000000e+00   2.4000000e+01   1.3000000e+01   3.5000000e+01   0.0000000e+00   2.2205000e+00  -5.6000000e-02  -1.8220000e+00   2.8728801e+00
   2.0090000e+03   7.0000000e+00   2.4000000e+01   1.3000000e+01   3.6000000e+01   0.0000000e+00   2.2480000e+00  -5.0650000e-01  -2.0530000e+00   3.0862364e+00
   2.0090000e+03   7.0000000e+00   2.4000000e+01   1.3000000e+01   3.7000000e+01   0.0000000e+00   2.3674999e+00  -4.8850012e-01  -2.1285000e+00   3.2209006e+00
   2.0090000e+03   7.0000000e+00   2.4000000e+01   1.3000000e+01   3.8000000e+01   0.0000000e+00   2.2715000e+00  -5.9850000e-01  -1.9840000e+00   3.0747635e+00
   2.0090000e+03   7.0000000e+00   2.4000000e+01   1.3000000e+01   3.9000000e+01   0.0000000e+00   2.3075000e+00  -8.4900000e-01  -1.8755000e+00   3.0923870e+00
   2.0090000e+03   7.0000000e+00   2.4000000e+01   1.3000000e+01   4.0000000e+01   0.0000000e+00   2.2615001e+00  -8.1600000e-01  -1.9744999e+00   3.1110912e+00
   2.0090000e+03   7.0000000e+00   2.4000000e+01   1.3000000e+01   4.1000000e+01   0.0000000e+00   2.2785000e+00  -9.1600000e-01  -2.0135000e+00   3.1756575e+00
   2.0090000e+03   7.0000000e+00   2.4000000e+01   1.3000000e+01   4.2000000e+01   0.0000000e+00   2.2035000e+00  -9.3049989e-01  -2.0550000e+00   3.1534532e+00
   2.0090000e+03   7.0000000e+00   2.4000000e+01   1.3000000e+01   4.3000000e+01   0.0000000e+00   2.1315001e+00  -7.6899989e-01  -1.9240000e+00   2.9726132e+00
   2.0090000e+03   7.0000000e+00   2.4000000e+01   1.3000000e+01   4.4000000e+01   0.0000000e+00   2.2010000e+00  -5.4550000e-01  -1.8350000e+00   2.9170527e+00
   2.0090000e+03   7.0000000e+00   2.4000000e+01   1.3000000e+01   4.5000000e+01   0.0000000e+00   1.9960001e+00  -5.9200011e-01  -1.8515001e+00   2.7861322e+00
   2.0090000e+03   7.0000000e+00   2.4000000e+01   1.3000000e+01   4.6000000e+01   0.0000000e+00   2.0925000e+00  -7.5999698e-02  -1.8395000e+00   2.7871298e+00
   2.0090000e+03   7.0000000e+00   2.4000000e+01   1.3000000e+01   4.7000000e+01   0.0000000e+00   1.9570000e+00   1.9250000e-01  -1.9310000e+00   2.7560236e+00
   2.0090000e+03   7.0000000e+00   2.4000000e+01   1.3000000e+01   4.8000000e+01   0.0000000e+00   2.0279998e+00   4.0250003e-01  -1.8940000e+00   2.8039304e+00
   2.0090000e+03   7.0000000e+00   2.4000000e+01   1.3000000e+01   4.9000000e+01   0.0000000e+00   2.0289999e+00   8.4200015e-01  -1.9845001e+00   2.9604131e+00
   2.0090000e+03   7.0000000e+00   2.4000000e+01   1.3000000e+01   5.0000000e+01   0.0000000e+00   2.3620000e+00   5.8550000e-01  -2.0320000e+00   3.1703120e+00
   2.0090000e+03   7.0000000e+00   2.4000000e+01   1.3000000e+01   5.1000000e+01   0.0000000e+00   2.4210000e+00   7.1149998e-01  -2.0114999e+00   3.2270118e+00
   2.0090000e+03   7.0000000e+00   2.4000000e+01   1.3000000e+01   5.2000000e+01   0.0000000e+00   2.4125000e+00   9.9300000e-01  -1.8890000e+00   3.2209511e+00
   2.0090000e+03   7.0000000e+00   2.4000000e+01   1.3000000e+01   5.3000000e+01   0.0000000e+00   2.1840000e+00   1.4165000e+00  -1.8315000e+00   3.1828793e+00
   2.0090000e+03   7.0000000e+00   2.4000000e+01   1.3000000e+01   5.4000000e+01   0.0000000e+00   1.9590001e+00   1.6515000e+00  -1.9140001e+00   3.1982073e+00
   2.0090000e+03   7.0000000e+00   2.4000000e+01   1.3000000e+01   5.5000000e+01   0.0000000e+00   2.1375000e+00   2.0065000e+00  -1.7070000e+00   3.3924619e+00
   2.0090000e+03   7.0000000e+00   2.4000000e+01   1.3000000e+01   5.6000000e+01   0.0000000e+00   1.6945000e+00   2.1534999e+00  -1.7769999e+00   3.2659793e+00
   2.0090000e+03   7.0000000e+00   2.4000000e+01   1.3000000e+01   5.7000000e+01   0.0000000e+00   1.4825001e+00   2.4910000e+00  -1.9210000e+00   3.4775176e+00
   2.0090000e+03   7.0000000e+00   2.4000000e+01   1.3000000e+01   5.8000000e+01   0.0000000e+00   1.5130000e+00   2.3380000e+00  -1.9200000e+00   3.3825749e+00
   2.0090000e+03   7.0000000e+00   2.4000000e+01   1.3000000e+01   5.9000000e+01   0.0000000e+00   1.3429994e+00   2.7494999e+00  -1.6820003e+00   3.4917792e+00
   2.0090000e+03   7.0000000e+00   2.4000000e+01   1.4000000e+01   0.0000000e+00   0.0000000e+00  -1.3520000e+00   2.7939999e+00  -1.4804999e+00   3.4389271e+00
   2.0090000e+03   7.0000000e+00   2.4000000e+01   1.4000000e+01   1.0000000e+00   0.0000000e+00  -9.6500000e-02   2.6130000e+00  -1.3865000e+00   2.9596391e+00
   2.0090000e+03   7.0000000e+00   2.4000000e+01   1.4000000e+01   2.0000000e+00   0.0000000e+00   5.7499996e-01   2.8474999e+00  -1.9280000e+00   3.4865549e+00
   2.0090000e+03   7.0000000e+00   2.4000000e+01   1.4000000e+01   3.0000000e+00   0.0000000e+00   8.6649998e-01   2.5615000e+00  -2.1450001e+00   3.4515402e+00
   2.0090000e+03   7.0000000e+00   2.4000000e+01   1.4000000e+01   4.0000000e+00   0.0000000e+00   9.8600000e-01   2.3685000e+00  -2.0075000e+00   3.2576133e+00
   2.0090000e+03   7.0000000e+00   2.4000000e+01   1.4000000e+01   5.0000000e+00   0.0000000e+00   9.5100004e-01   2.4915001e+00  -1.7835000e+00   3.2082465e+00
   2.0090000e+03   7.0000000e+00   2.4000000e+01   1.4000000e+01   6.0000000e+00   0.0000000e+00   5.9550000e-01   2.6700000e+00  -1.6805000e+00   3.2105452e+00
   2.0090000e+03   7.0000000e+00   2.4000000e+01   1.4000000e+01   7.0000000e+00   0.0000000e+00   5.7600000e-01   2.7915000e+00  -1.7935000e+00   3.3676239e+00
   2.0090000e+03   7.0000000e+00   2.4000000e+01   1.4000000e+01   8.0000000e+00   0.0000000e+00   7.6250014e-01   2.8475000e+00  -1.8470000e+00   3.4786595e+00
   2.0090000e+03   7.0000000e+00   2.4000000e+01   1.4000000e+01   9.0000000e+00   0.0000000e+00   9.9800000e-01   3.0045000e+00  -1.8295000e+00   3.6565140e+00
   2.0090000e+03   7.0000000e+00   2.4000000e+01   1.4000000e+01   1.0000000e+01   0.0000000e+00   7.8200000e-01   2.6860000e+00  -1.7955000e+00   3.3241450e+00
   2.0090000e+03   7.0000000e+00   2.4000000e+01   1.4000000e+01   1.1000000e+01   0.0000000e+00   7.8350009e-01   2.5940000e+00  -2.0795001e+00   3.4157033e+00
   2.0090000e+03   7.0000000e+00   2.4000000e+01   1.4000000e+01   1.2000000e+01   0.0000000e+00   9.8900000e-01   2.2615000e+00  -2.2880000e+00   3.3656273e+00
   2.0090000e+03   7.0000000e+00   2.4000000e+01   1.4000000e+01   1.3000000e+01   0.0000000e+00   1.3210000e+00   1.9394999e+00  -2.3215000e+00   3.3009185e+00
   2.0090000e+03   7.0000000e+00   2.4000000e+01   1.4000000e+01   1.4000000e+01   0.0000000e+00   1.5160001e+00   1.8600000e+00  -2.2210000e+00   3.2696632e+00
   2.0090000e+03   7.0000000e+00   2.4000000e+01   1.4000000e+01   1.5000000e+01   0.0000000e+00   1.6005000e+00   1.8265000e+00  -2.2795000e+00   3.3307391e+00
   2.0090000e+03   7.0000000e+00   2.4000000e+01   1.4000000e+01   1.6000000e+01   0.0000000e+00   1.9634999e+00   1.5550000e+00  -2.1999999e+00   3.3336701e+00
   2.0090000e+03   7.0000000e+00   2.4000000e+01   1.4000000e+01   1.7000000e+01   0.0000000e+00   2.0470001e+00   1.5755002e+00  -2.0685000e+00   3.3092450e+00
   2.0090000e+03   7.0000000e+00   2.4000000e+01   1.4000000e+01   1.8000000e+01   0.0000000e+00   2.0760000e+00   1.7560000e+00  -1.9830000e+00   3.3653530e+00
   2.0090000e+03   7.0000000e+00   2.4000000e+01   1.4000000e+01   1.9000000e+01   0.0000000e+00   2.1339999e+00   1.8890000e+00  -1.8845000e+00   3.4166675e+00
   2.0090000e+03   7.0000000e+00   2.4000000e+01   1.4000000e+01   2.0000000e+01   0.0000000e+00   2.2745000e+00   2.0965000e+00  -1.7015000e+00   3.5304057e+00
   2.0090000e+03   7.0000000e+00   2.4000000e+01   1.4000000e+01   2.1000000e+01   0.0000000e+00   2.3005000e+00   2.2145000e+00  -1.5970000e+00   3.5702548e+00
   2.0090000e+03   7.0000000e+00   2.4000000e+01   1.4000000e+01   2.2000000e+01   0.0000000e+00   2.1270000e+00   2.3190000e+00  -1.5685000e+00   3.5159753e+00
   2.0090000e+03   7.0000000e+00   2.4000000e+01   1.4000000e+01   2.3000000e+01   0.0000000e+00   2.2265000e+00   2.4810000e+00  -1.4050000e+00   3.6175528e+00
   2.0090000e+03   7.0000000e+00   2.4000000e+01   1.4000000e+01   2.4000000e+01   0.0000000e+00   2.2475000e+00   2.5810000e+00  -1.3230000e+00   3.6692160e+00
   2.0090000e+03   7.0000000e+00   2.4000000e+01   1.4000000e+01   2.5000000e+01   0.0000000e+00   2.0499999e+00   3.0695001e+00  -8.7999999e-01   3.7945660e+00
   2.0090000e+03   7.0000000e+00   2.4000000e+01   1.4000000e+01   2.6000000e+01   0.0000000e+00   1.0105000e+00   3.6070000e+00  -1.1495000e+00   3.9182789e+00
   2.0090000e+03   7.0000000e+00   2.4000000e+01   1.4000000e+01   2.7000000e+01   0.0000000e+00   2.5250002e-01   3.4760000e+00  -1.0060000e+00   3.6274465e+00
   2.0090000e+03   7.0000000e+00   2.4000000e+01   1.4000000e+01   2.8000000e+01   0.0000000e+00  -2.5749989e-01   2.9165001e+00  -1.0289999e+00   3.1034046e+00
   2.0090000e+03   7.0000000e+00   2.4000000e+01   1.4000000e+01   2.9000000e+01   0.0000000e+00   4.8200000e-01   2.3865000e+00  -3.4750000e-01   2.4593622e+00
   2.0090000e+03   7.0000000e+00   2.4000000e+01   1.4000000e+01   3.0000000e+01   0.0000000e+00   1.0454998e+00   2.4540000e+00  -5.1649988e-01   2.7169759e+00
   2.0090000e+03   7.0000000e+00   2.4000000e+01   1.4000000e+01   3.1000000e+01   0.0000000e+00   1.1064999e+00   2.6980000e+00  -1.1040002e+00   3.1180703e+00
   2.0090000e+03   7.0000000e+00   2.4000000e+01   1.4000000e+01   3.2000000e+01   0.0000000e+00   1.2545000e+00   2.8475000e+00  -1.4220000e+00   3.4211271e+00
   2.0090000e+03   7.0000000e+00   2.4000000e+01   1.4000000e+01   3.3000000e+01   0.0000000e+00   1.3320002e+00   3.1539999e+00  -1.3380000e+00   3.6758922e+00
   2.0090000e+03   7.0000000e+00   2.4000000e+01   1.4000000e+01   3.4000000e+01   0.0000000e+00   9.3000030e-01   3.2134999e+00  -1.5865001e+00   3.7024944e+00
   2.0090000e+03   7.0000000e+00   2.4000000e+01   1.4000000e+01   3.5000000e+01   0.0000000e+00   2.1380000e+00   2.5265000e+00  -1.6235000e+00   3.6864615e+00
   2.0090000e+03   7.0000000e+00   2.4000000e+01   1.4000000e+01   3.6000000e+01   0.0000000e+00   2.9329999e+00   2.1130001e+00  -1.0790000e+00   3.7724659e+00
   2.0090000e+03   7.0000000e+00   2.4000000e+01   1.4000000e+01   3.7000000e+01   0.0000000e+00   2.7015000e+00   2.1315000e+00  -1.0755000e+00   3.6052871e+00
   2.0090000e+03   7.0000000e+00   2.4000000e+01   1.4000000e+01   3.8000000e+01   0.0000000e+00   2.1330000e+00   2.6625000e+00  -1.4450000e+00   3.7049454e+00
   2.0090000e+03   7.0000000e+00   2.4000000e+01   1.4000000e+01   3.9000000e+01   0.0000000e+00   2.0369999e+00   2.8150002e+00  -1.4515001e+00   3.7656934e+00
   2.0090000e+03   7.0000000e+00   2.4000000e+01   1.4000000e+01   4.0000000e+01   0.0000000e+00   1.9680000e+00   3.0680000e+00  -1.7990000e+00   4.0647323e+00
   2.0090000e+03   7.0000000e+00   2.4000000e+01   1.4000000e+01   4.1000000e+01   0.0000000e+00   1.6815000e+00   2.6245000e+00  -1.7679999e+00   3.5834712e+00
   2.0090000e+03   7.0000000e+00   2.4000000e+01   1.4000000e+01   4.2000000e+01   0.0000000e+00   1.5985001e+00   2.5805000e+00  -1.4480000e+00   3.3631661e+00
   2.0090000e+03   7.0000000e+00   2.4000000e+01   1.4000000e+01   4.3000000e+01   0.0000000e+00   1.0645000e+00   2.9890000e+00  -1.3105000e+00   3.4328838e+00
   2.0090000e+03   7.0000000e+00   2.4000000e+01   1.4000000e+01   4.4000000e+01   0.0000000e+00   1.5150003e-01   3.0660000e+00  -6.9150001e-01   3.1466618e+00
   2.0090000e+03   7.0000000e+00   2.4000000e+01   1.4000000e+01   4.5000000e+01   0.0000000e+00  -5.9999889e-02   2.4779999e+00  -6.6399994e-01   2.5661215e+00
   2.0090000e+03   7.0000000e+00   2.4000000e+01   1.4000000e+01   4.6000000e+01   0.0000000e+00   7.3600000e-01   2.6675000e+00  -9.9250000e-01   2.9397803e+00
   2.0090000e+03   7.0000000e+00   2.4000000e+01   1.4000000e+01   4.7000000e+01   0.0000000e+00   5.6200001e-01   2.9415000e+00  -1.0379999e+00   3.1694968e+00
   2.0090000e+03   7.0000000e+00   2.4000000e+01   1.4000000e+01   4.8000000e+01   0.0000000e+00   3.1000014e-01   3.3515001e+00  -1.1230001e+00   3.5482083e+00
   2.0090000e+03   7.0000000e+00   2.4000000e+01   1.4000000e+01   4.9000000e+01   0.0000000e+00   4.4550000e-01   3.4635000e+00  -1.0885000e+00   3.6577500e+00
   2.0090000e+03   7.0000000e+00   2.4000000e+01   1.4000000e+01   5.0000000e+01   0.0000000e+00   8.8549997e-01   3.3775000e+00  -1.3484999e+00   3.7430026e+00
   2.0090000e+03   7.0000000e+00   2.4000000e+01   1.4000000e+01   5.1000000e+01   0.0000000e+00   1.2050000e+00   3.6560000e+00  -1.1005000e+00   4.0036810e+00
   2.0090000e+03   7.0000000e+00   2.4000000e+01   1.4000000e+01   5.2000000e+01   0.0000000e+00   1.3425000e+00   3.7780000e+00  -1.5690000e+00   4.3055024e+00
   2.0090000e+03   7.0000000e+00   2.4000000e+01   1.4000000e+01   5.3000000e+01   0.0000000e+00   1.1284999e+00   3.4115000e+00  -1.8655000e+00   4.0486954e+00
   2.0090000e+03   7.0000000e+00   2.4000000e+01   1.4000000e+01   5.4000000e+01   0.0000000e+00   1.7310000e+00   3.4320000e+00  -1.6975000e+00   4.2019628e+00
   2.0090000e+03   7.0000000e+00   2.4000000e+01   1.4000000e+01   5.5000000e+01   0.0000000e+00   2.4470000e+00   3.5280000e+00  -1.6390000e+00   4.5957496e+00
   2.0090000e+03   7.0000000e+00   2.4000000e+01   1.4000000e+01   5.6000000e+01   0.0000000e+00   2.9520001e+00   3.8035000e+00  -1.3345001e+00   4.9961793e+00
   2.0090000e+03   7.0000000e+00   2.4000000e+01   1.4000000e+01   5.7000000e+01   0.0000000e+00   2.6740000e+00   3.7975000e+00  -1.3970000e+00   4.8500403e+00
   2.0090000e+03   7.0000000e+00   2.4000000e+01   1.4000000e+01   5.8000000e+01   0.0000000e+00   2.3429999e+00   3.5055000e+00  -1.4935000e+00   4.4731109e+00
   2.0090000e+03   7.0000000e+00   2.4000000e+01   1.4000000e+01   5.9000000e+01   0.0000000e+00   2.0940000e+00   3.5380000e+00  -1.2615000e+00   4.3004258e+00
   2.0090000e+03   7.0000000e+00   2.4000000e+01   1.5000000e+01   0.0000000e+00   0.0000000e+00   2.4775000e+00   3.2480000e+00  -1.1640000e+00   4.2476354e+00
   2.0090000e+03   7.0000000e+00   2.4000000e+01   1.5000000e+01   1.0000000e+00   0.0000000e+00   2.4050000e+00   3.4635000e+00  -1.2170000e+00   4.3887294e+00
   2.0090000e+03   7.0000000e+00   2.4000000e+01   1.5000000e+01   2.0000000e+00   0.0000000e+00   2.3265000e+00   3.5485000e+00  -1.2175001e+00   4.4143812e+00
   2.0090000e+03   7.0000000e+00   2.4000000e+01   1.5000000e+01   3.0000000e+00   0.0000000e+00   2.2620000e+00   3.5545000e+00  -1.1120000e+00   4.3574830e+00
   2.0090000e+03   7.0000000e+00   2.4000000e+01   1.5000000e+01   4.0000000e+00   0.0000000e+00   2.2375000e+00   3.6540000e+00  -1.0790000e+00   4.4184118e+00
   2.0090000e+03   7.0000000e+00   2.4000000e+01   1.5000000e+01   5.0000000e+00   0.0000000e+00   2.3225000e+00   3.6530000e+00  -1.0835000e+00   4.4623298e+00
   2.0090000e+03   7.0000000e+00   2.4000000e+01   1.5000000e+01   6.0000000e+00   0.0000000e+00   2.2250000e+00   3.7595000e+00  -1.1375000e+00   4.5142410e+00
   2.0090000e+03   7.0000000e+00   2.4000000e+01   1.5000000e+01   7.0000000e+00   0.0000000e+00   2.1284999e+00   3.9285000e+00  -1.2619999e+00   4.6428728e+00
   2.0090000e+03   7.0000000e+00   2.4000000e+01   1.5000000e+01   8.0000000e+00   0.0000000e+00   2.1000000e+00   4.1045000e+00  -1.3035000e+00   4.7912454e+00
   2.0090000e+03   7.0000000e+00   2.4000000e+01   1.5000000e+01   9.0000000e+00   0.0000000e+00   2.3610000e+00   4.0410000e+00  -1.2980000e+00   4.8568309e+00
   2.0090000e+03   7.0000000e+00   2.4000000e+01   1.5000000e+01   1.0000000e+01   0.0000000e+00   2.3250000e+00   4.1595000e+00  -1.2470002e+00   4.9256547e+00
   2.0090000e+03   7.0000000e+00   2.4000000e+01   1.5000000e+01   1.1000000e+01   0.0000000e+00   2.9255000e+00   3.6130000e+00  -1.2175000e+00   4.8056868e+00
   2.0090000e+03   7.0000000e+00   2.4000000e+01   1.5000000e+01   1.2000000e+01   0.0000000e+00   2.8524999e+00   3.5975000e+00  -1.2129999e+00   4.7486978e+00
   2.0090000e+03   7.0000000e+00   2.4000000e+01   1.5000000e+01   1.3000000e+01   0.0000000e+00   2.3000001e+00   3.7300000e+00  -1.0450000e+00   4.5049889e+00
   2.0090000e+03   7.0000000e+00   2.4000000e+01   1.5000000e+01   1.4000000e+01   0.0000000e+00   1.8015000e+00   3.7230000e+00  -1.0185000e+00   4.2595156e+00
   2.0090000e+03   7.0000000e+00   2.4000000e+01   1.5000000e+01   1.5000000e+01   0.0000000e+00   1.8539998e+00   3.5940001e+00  -1.2345000e+00   4.2282552e+00
   2.0090000e+03   7.0000000e+00   2.4000000e+01   1.5000000e+01   1.6000000e+01   0.0000000e+00   2.0785001e+00   3.4425000e+00  -1.1170002e+00   4.1735666e+00
   2.0090000e+03   7.0000000e+00   2.4000000e+01   1.5000000e+01   1.7000000e+01   0.0000000e+00   1.7335000e+00   3.3015000e+00  -9.4800000e-01   3.8475484e+00
   2.0090000e+03   7.0000000e+00   2.4000000e+01   1.5000000e+01   1.8000000e+01   0.0000000e+00   1.2105000e+00   3.4569999e+00  -9.0999989e-01   3.7741567e+00
   2.0090000e+03   7.0000000e+00   2.4000000e+01   1.5000000e+01   1.9000000e+01   0.0000000e+00   6.4599994e-01   3.5525001e+00  -1.2275001e+00   3.8137028e+00
   2.0090000e+03   7.0000000e+00   2.4000000e+01   1.5000000e+01   2.0000000e+01   0.0000000e+00   9.2600000e-01   3.4175000e+00  -1.5760000e+00   3.8756365e+00
   2.0090000e+03   7.0000000e+00   2.4000000e+01   1.5000000e+01   2.1000000e+01   0.0000000e+00   1.6239997e+00   3.0475001e+00  -1.8224999e+00   3.9046303e+00
   2.0090000e+03   7.0000000e+00   2.4000000e+01   1.5000000e+01   2.2000000e+01   0.0000000e+00   1.6765000e+00   2.8890000e+00  -2.3145000e+00   4.0637278e+00
   2.0090000e+03   7.0000000e+00   2.4000000e+01   1.5000000e+01   2.3000000e+01   0.0000000e+00   2.1625000e+00   2.8375000e+00  -2.5325000e+00   4.3750850e+00
   2.0090000e+03   7.0000000e+00   2.4000000e+01   1.5000000e+01   2.4000000e+01   0.0000000e+00   2.3324998e+00   2.6810001e+00  -2.2209999e+00   4.1906035e+00
   2.0090000e+03   7.0000000e+00   2.4000000e+01   1.5000000e+01   2.5000000e+01   0.0000000e+00   2.0550000e+00   2.3325000e+00  -2.4635000e+00   3.9664107e+00
   2.0090000e+03   7.0000000e+00   2.4000000e+01   1.5000000e+01   2.6000000e+01   0.0000000e+00   2.4435001e+00   2.5375000e+00  -2.2360002e+00   4.1724448e+00
   2.0090000e+03   7.0000000e+00   2.4000000e+01   1.5000000e+01   2.7000000e+01   0.0000000e+00   2.5049999e+00   3.1900002e+00  -2.2894999e+00   4.6575676e+00
   2.0090000e+03   7.0000000e+00   2.4000000e+01   1.5000000e+01   2.8000000e+01   0.0000000e+00   3.1275000e+00   4.6495000e+00  -2.9045000e+00   6.3115154e+00
   2.0090000e+03   7.0000000e+00   2.4000000e+01   1.5000000e+01   2.9000000e+01   0.0000000e+00   2.3020002e+00   4.6074999e+00  -3.1400001e+00   6.0322352e+00
   2.0090000e+03   7.0000000e+00   2.4000000e+01   1.5000000e+01   3.0000000e+01   0.0000000e+00   2.2415002e+00   5.3170001e+00  -3.9515001e+00   6.9935088e+00
   2.0090000e+03   7.0000000e+00   2.4000000e+01   1.5000000e+01   3.1000000e+01   0.0000000e+00   3.0750000e+00   4.5655000e+00  -3.2340000e+00   6.3842127e+00
   2.0090000e+03   7.0000000e+00   2.4000000e+01   1.5000000e+01   3.2000000e+01   0.0000000e+00   4.1260000e+00   2.6250002e+00  -1.7335000e+00   5.1884029e+00
   2.0090000e+03   7.0000000e+00   2.4000000e+01   1.5000000e+01   3.3000000e+01   0.0000000e+00   2.6074997e+00   1.1029999e+00  -9.3999999e-01   2.9831634e+00
   2.0090000e+03   7.0000000e+00   2.4000000e+01   1.5000000e+01   3.4000000e+01   0.0000000e+00   1.5790000e+00   1.0110000e+00  -6.7150000e-01   1.9915507e+00
   2.0090000e+03   7.0000000e+00   2.4000000e+01   1.5000000e+01   3.5000000e+01   0.0000000e+00   1.5154999e+00   9.8899995e-01  -3.1549999e-01   1.8369543e+00
   2.0090000e+03   7.0000000e+00   2.4000000e+01   1.5000000e+01   3.6000000e+01   0.0000000e+00   3.3215000e+00   1.6640000e+00  -7.7850000e-01   3.7956976e+00
   2.0090000e+03   7.0000000e+00   2.4000000e+01   1.5000000e+01   3.7000000e+01   0.0000000e+00   2.0450000e+00   4.9300000e+00   8.9550000e-01   5.4119170e+00
   2.0090000e+03   7.0000000e+00   2.4000000e+01   1.5000000e+01   3.8000000e+01   0.0000000e+00   5.7650000e+00   4.9094995e+00  -1.4040001e+00   7.7012744e+00
   2.0090000e+03   7.0000000e+00   2.4000000e+01   1.5000000e+01   3.9000000e+01   0.0000000e+00   7.8345000e+00   1.0440000e+00  -1.8405000e+00   8.1152182e+00
   2.0090000e+03   7.0000000e+00   2.4000000e+01   1.5000000e+01   4.0000000e+01   0.0000000e+00   7.2510000e+00   4.7685000e+00  -2.1660000e+00   8.9446716e+00
   2.0090000e+03   7.0000000e+00   2.4000000e+01   1.5000000e+01   4.1000000e+01   0.0000000e+00   5.6379999e+00   6.2890000e+00  -1.4649997e+00   8.5723269e+00
   2.0090000e+03   7.0000000e+00   2.4000000e+01   1.5000000e+01   4.2000000e+01   0.0000000e+00   6.0395000e+00   5.1280000e+00  -1.7730000e+00   8.1188345e+00
   2.0090000e+03   7.0000000e+00   2.4000000e+01   1.5000000e+01   4.3000000e+01   0.0000000e+00   5.7690001e+00   4.9319999e+00  -1.7069998e+00   7.7794495e+00
   2.0090000e+03   7.0000000e+00   2.4000000e+01   1.5000000e+01   4.4000000e+01   0.0000000e+00   5.4644999e+00   5.0400000e+00  -1.5979999e+00   7.6036809e+00
   2.0090000e+03   7.0000000e+00   2.4000000e+01   1.5000000e+01   4.5000000e+01   0.0000000e+00   4.9775000e+00   5.3905000e+00  -1.1210000e+00   7.4222394e+00
   2.0090000e+03   7.0000000e+00   2.4000000e+01   1.5000000e+01   4.6000000e+01   0.0000000e+00   4.5015000e+00   5.2900000e+00  -9.5299999e-01   7.0111205e+00
   2.0090000e+03   7.0000000e+00   2.4000000e+01   1.5000000e+01   4.7000000e+01   0.0000000e+00   4.4359999e+00   5.2225000e+00  -9.7599997e-01   6.9213566e+00
   2.0090000e+03   7.0000000e+00   2.4000000e+01   1.5000000e+01   4.8000000e+01   0.0000000e+00   4.3210000e+00   5.0390000e+00  -1.0170000e+00   6.7154189e+00
   2.0090000e+03   7.0000000e+00   2.4000000e+01   1.5000000e+01   4.9000000e+01   0.0000000e+00   4.2290001e+00   4.8830000e+00  -8.5849994e-01   6.5165292e+00
   2.0090000e+03   7.0000000e+00   2.4000000e+01   1.5000000e+01   5.0000000e+01   0.0000000e+00   4.1005000e+00   4.7665000e+00  -9.8650000e-01   6.3644956e+00
   2.0090000e+03   7.0000000e+00   2.4000000e+01   1.5000000e+01   5.1000000e+01   0.0000000e+00   4.0555000e+00   4.6735000e+00  -1.1200000e+00   6.2883291e+00
   2.0090000e+03   7.0000000e+00   2.4000000e+01   1.5000000e+01   5.2000000e+01   0.0000000e+00   4.0820000e+00   4.4385001e+00  -9.0149986e-01   6.0971886e+00
   2.0090000e+03   7.0000000e+00   2.4000000e+01   1.5000000e+01   5.3000000e+01   0.0000000e+00   3.8600000e+00   4.3225000e+00  -1.0875000e+00   5.8962923e+00
   2.0090000e+03   7.0000000e+00   2.4000000e+01   1.5000000e+01   5.4000000e+01   0.0000000e+00   3.7680000e+00   4.3785000e+00  -1.0665000e+00   5.8742241e+00
   2.0090000e+03   7.0000000e+00   2.4000000e+01   1.5000000e+01   5.5000000e+01   0.0000000e+00   3.8654999e+00   4.3005000e+00  -1.0290000e+00   5.8732641e+00
   2.0090000e+03   7.0000000e+00   2.4000000e+01   1.5000000e+01   5.6000000e+01   0.0000000e+00   3.7600000e+00   4.3185000e+00  -1.1870000e+00   5.8477356e+00
   2.0090000e+03   7.0000000e+00   2.4000000e+01   1.5000000e+01   5.7000000e+01   0.0000000e+00   3.6625000e+00   4.3045001e+00  -1.0669999e+00   5.7516186e+00
   2.0090000e+03   7.0000000e+00   2.4000000e+01   1.5000000e+01   5.8000000e+01   0.0000000e+00   3.5400000e+00   4.1700000e+00  -1.2419998e+00   5.6091946e+00
   2.0090000e+03   7.0000000e+00   2.4000000e+01   1.5000000e+01   5.9000000e+01   0.0000000e+00   3.5275000e+00   4.1545000e+00  -1.3680000e+00   5.6191236e+00
   2.0090000e+03   7.0000000e+00   2.4000000e+01   1.6000000e+01   0.0000000e+00   0.0000000e+00   3.5805000e+00   4.1615000e+00  -1.3004998e+00   5.6417517e+00
   2.0090000e+03   7.0000000e+00   2.4000000e+01   1.6000000e+01   1.0000000e+00   0.0000000e+00   3.5809999e+00   4.0200000e+00  -1.3150000e+00   5.5419478e+00
   2.0090000e+03   7.0000000e+00   2.4000000e+01   1.6000000e+01   2.0000000e+00   0.0000000e+00   3.5060000e+00   3.9805000e+00  -1.3420000e+00   5.4715062e+00
   2.0090000e+03   7.0000000e+00   2.4000000e+01   1.6000000e+01   3.0000000e+00   0.0000000e+00   3.4840001e+00   3.9889999e+00  -1.3434999e+00   5.4640067e+00
   2.0090000e+03   7.0000000e+00   2.4000000e+01   1.6000000e+01   4.0000000e+00   0.0000000e+00   3.5915000e+00   4.2045000e+00  -1.3035001e+00   5.6811799e+00
   2.0090000e+03   7.0000000e+00   2.4000000e+01   1.6000000e+01   5.0000000e+00   0.0000000e+00   3.6365000e+00   4.1750000e+00  -1.4265000e+00   5.7174872e+00
   2.0090000e+03   7.0000000e+00   2.4000000e+01   1.6000000e+01   6.0000000e+00   0.0000000e+00   3.7010001e+00   4.1870000e+00  -1.3329999e+00   5.7450204e+00
   2.0090000e+03   7.0000000e+00   2.4000000e+01   1.6000000e+01   7.0000000e+00   0.0000000e+00   3.6765000e+00   4.1150000e+00  -1.4135000e+00   5.6963023e+00
   2.0090000e+03   7.0000000e+00   2.4000000e+01   1.6000000e+01   8.0000000e+00   0.0000000e+00   3.6085000e+00   4.0180000e+00  -1.4490000e+00   5.5915291e+00
   2.0090000e+03   7.0000000e+00   2.4000000e+01   1.6000000e+01   9.0000000e+00   0.0000000e+00   3.3869999e+00   4.0705000e+00  -1.3860001e+00   5.4737314e+00
   2.0090000e+03   7.0000000e+00   2.4000000e+01   1.6000000e+01   1.0000000e+01   0.0000000e+00   3.2305000e+00   4.2620000e+00  -1.2960000e+00   5.5027621e+00
   2.0090000e+03   7.0000000e+00   2.4000000e+01   1.6000000e+01   1.1000000e+01   0.0000000e+00   3.0980001e+00   4.4995000e+00  -1.3580001e+00   5.6291446e+00
   2.0090000e+03   7.0000000e+00   2.4000000e+01   1.6000000e+01   1.2000000e+01   0.0000000e+00   3.0565001e+00   4.5849999e+00  -1.2754998e+00   5.6560867e+00
   2.0090000e+03   7.0000000e+00   2.4000000e+01   1.6000000e+01   1.3000000e+01   0.0000000e+00   2.9455000e+00   4.4500000e+00  -1.2625000e+00   5.4838286e+00
   2.0090000e+03   7.0000000e+00   2.4000000e+01   1.6000000e+01   1.4000000e+01   0.0000000e+00   3.0175000e+00   4.6285000e+00  -1.4150000e+00   5.7035553e+00
   2.0090000e+03   7.0000000e+00   2.4000000e+01   1.6000000e+01   1.5000000e+01   0.0000000e+00   2.9734999e+00   4.6880001e+00  -1.5685001e+00   5.7688161e+00
   2.0090000e+03   7.0000000e+00   2.4000000e+01   1.6000000e+01   1.6000000e+01   0.0000000e+00   3.0445000e+00   4.7610000e+00  -1.4475000e+00   5.8336402e+00
   2.0090000e+03   7.0000000e+00   2.4000000e+01   1.6000000e+01   1.7000000e+01   0.0000000e+00   2.9430000e+00   4.7740001e+00  -1.3099999e+00   5.7592036e+00
   2.0090000e+03   7.0000000e+00   2.4000000e+01   1.6000000e+01   1.8000000e+01   0.0000000e+00   2.8224999e+00   4.6555000e+00  -1.4665002e+00   5.6383339e+00
   2.0090000e+03   7.0000000e+00   2.4000000e+01   1.6000000e+01   1.9000000e+01   0.0000000e+00   2.6805000e+00   4.7075000e+00  -1.5130000e+00   5.6244827e+00
   2.0090000e+03   7.0000000e+00   2.4000000e+01   1.6000000e+01   2.0000000e+01   0.0000000e+00   2.4775000e+00   4.6070003e+00  -9.3549974e-01   5.3139079e+00
   2.0090000e+03   7.0000000e+00   2.4000000e+01   1.6000000e+01   2.1000000e+01   0.0000000e+00   2.3675000e+00   3.6830000e+00  -1.4270000e+00   4.6049836e+00
   2.0090000e+03   7.0000000e+00   2.4000000e+01   1.6000000e+01   2.2000000e+01   0.0000000e+00   2.6145000e+00   4.5035000e+00  -1.2410000e+00   5.3532423e+00
   2.0090000e+03   7.0000000e+00   2.4000000e+01   1.6000000e+01   2.3000000e+01   0.0000000e+00   2.6240000e+00   4.8185001e+00  -1.1310001e+00   5.6020068e+00
   2.0090000e+03   7.0000000e+00   2.4000000e+01   1.6000000e+01   2.4000000e+01   0.0000000e+00   2.9600000e+00   4.7425000e+00  -1.3290000e+00   5.7462290e+00
   2.0090000e+03   7.0000000e+00   2.4000000e+01   1.6000000e+01   2.5000000e+01   0.0000000e+00   2.9165000e+00   4.6275000e+00  -1.5540000e+00   5.6863560e+00
   2.0090000e+03   7.0000000e+00   2.4000000e+01   1.6000000e+01   2.6000000e+01   0.0000000e+00   2.7915000e+00   4.5715000e+00  -1.4890001e+00   5.5595149e+00
   2.0090000e+03   7.0000000e+00   2.4000000e+01   1.6000000e+01   2.7000000e+01   0.0000000e+00   2.8965000e+00   4.5310000e+00  -1.4450000e+00   5.5684556e+00
   2.0090000e+03   7.0000000e+00   2.4000000e+01   1.6000000e+01   2.8000000e+01   0.0000000e+00   2.8240000e+00   4.2025000e+00  -1.2749999e+00   5.2212649e+00
   2.0090000e+03   7.0000000e+00   2.4000000e+01   1.6000000e+01   2.9000000e+01   0.0000000e+00   2.6410000e+00   3.7315001e+00  -1.6695001e+00   4.8668475e+00
   2.0090000e+03   7.0000000e+00   2.4000000e+01   1.6000000e+01   3.0000000e+01   0.0000000e+00   2.1310000e+00   3.7195000e+00  -1.4345000e+00   4.5203575e+00
   2.0090000e+03   7.0000000e+00   2.4000000e+01   1.6000000e+01   3.1000000e+01   0.0000000e+00   1.9820000e+00   3.5744999e+00  -1.6200000e+00   4.3965638e+00
   2.0090000e+03   7.0000000e+00   2.4000000e+01   1.6000000e+01   3.2000000e+01   0.0000000e+00   2.5160001e+00   4.2065002e+00  -1.7120000e+00   5.1919018e+00
   2.0090000e+03   7.0000000e+00   2.4000000e+01   1.6000000e+01   3.3000000e+01   0.0000000e+00   2.8545000e+00   4.7205000e+00  -1.4585000e+00   5.7060067e+00
   2.0090000e+03   7.0000000e+00   2.4000000e+01   1.6000000e+01   3.4000000e+01   0.0000000e+00   2.9150000e+00   4.7715000e+00  -1.3995000e+00   5.7639429e+00
   2.0090000e+03   7.0000000e+00   2.4000000e+01   1.6000000e+01   3.5000000e+01   0.0000000e+00   2.6835000e+00   4.8300000e+00  -1.6595000e+00   5.7692298e+00
   2.0090000e+03   7.0000000e+00   2.4000000e+01   1.6000000e+01   3.6000000e+01   0.0000000e+00   2.8110000e+00   4.7030000e+00  -1.4745000e+00   5.6739828e+00
   2.0090000e+03   7.0000000e+00   2.4000000e+01   1.6000000e+01   3.7000000e+01   0.0000000e+00   2.7845001e+00   4.7774999e+00  -1.2115000e+00   5.6608902e+00
   2.0090000e+03   7.0000000e+00   2.4000000e+01   1.6000000e+01   3.8000000e+01   0.0000000e+00   2.7600000e+00   4.6325000e+00  -1.4685000e+00   5.5887520e+00
   2.0090000e+03   7.0000000e+00   2.4000000e+01   1.6000000e+01   3.9000000e+01   0.0000000e+00   2.7875000e+00   4.6155000e+00  -1.5515000e+00   5.6107173e+00
   2.0090000e+03   7.0000000e+00   2.4000000e+01   1.6000000e+01   4.0000000e+01   0.0000000e+00   2.7105000e+00   4.5499999e+00  -1.5175000e+00   5.5092754e+00
   2.0090000e+03   7.0000000e+00   2.4000000e+01   1.6000000e+01   4.1000000e+01   0.0000000e+00   2.7705000e+00   4.5760000e+00  -1.4405000e+00   5.5398995e+00
   2.0090000e+03   7.0000000e+00   2.4000000e+01   1.6000000e+01   4.2000000e+01   0.0000000e+00   2.8100001e+00   4.5150000e+00  -1.3710000e+00   5.4919000e+00
   2.0090000e+03   7.0000000e+00   2.4000000e+01   1.6000000e+01   4.3000000e+01   0.0000000e+00   2.6425000e+00   4.6245000e+00  -1.4540000e+00   5.5211341e+00
   2.0090000e+03   7.0000000e+00   2.4000000e+01   1.6000000e+01   4.4000000e+01   0.0000000e+00   2.6900000e+00   4.5670000e+00  -1.6420000e+00   5.5488515e+00
   2.0090000e+03   7.0000000e+00   2.4000000e+01   1.6000000e+01   4.5000000e+01   0.0000000e+00   2.6989999e+00   4.6505000e+00  -1.3639998e+00   5.5472738e+00
   2.0090000e+03   7.0000000e+00   2.4000000e+01   1.6000000e+01   4.6000000e+01   0.0000000e+00   2.9364998e+00   4.5975000e+00  -1.1385001e+00   5.5728108e+00
   2.0090000e+03   7.0000000e+00   2.4000000e+01   1.6000000e+01   4.7000000e+01   0.0000000e+00   2.8330000e+00   4.5730000e+00  -1.4120000e+00   5.5616510e+00
   2.0090000e+03   7.0000000e+00   2.4000000e+01   1.6000000e+01   4.8000000e+01   0.0000000e+00   2.8795000e+00   4.5755000e+00  -1.4749999e+00   5.6037795e+00
   2.0090000e+03   7.0000000e+00   2.4000000e+01   1.6000000e+01   4.9000000e+01   0.0000000e+00   2.7409999e+00   4.6020001e+00  -1.4745001e+00   5.5556850e+00
   2.0090000e+03   7.0000000e+00   2.4000000e+01   1.6000000e+01   5.0000000e+01   0.0000000e+00   2.6415000e+00   4.6670000e+00  -1.5730000e+00   5.5886260e+00
   2.0090000e+03   7.0000000e+00   2.4000000e+01   1.6000000e+01   5.1000000e+01   0.0000000e+00   2.5640000e+00   4.6740000e+00  -1.1919999e+00   5.4627132e+00
   2.0090000e+03   7.0000000e+00   2.4000000e+01   1.6000000e+01   5.2000000e+01   0.0000000e+00   2.7255000e+00   4.6965000e+00  -1.3355000e+00   5.5918711e+00
   2.0090000e+03   7.0000000e+00   2.4000000e+01   1.6000000e+01   5.3000000e+01   0.0000000e+00   2.5105000e+00   4.8770000e+00  -1.1720000e+00   5.6090394e+00
   2.0090000e+03   7.0000000e+00   2.4000000e+01   1.6000000e+01   5.4000000e+01   0.0000000e+00   2.5169999e+00   4.8350000e+00  -1.1430000e+00   5.5694670e+00
   2.0090000e+03   7.0000000e+00   2.4000000e+01   1.6000000e+01   5.5000000e+01   0.0000000e+00   2.5860000e+00   4.8525000e+00  -1.1435000e+00   5.6162037e+00
   2.0090000e+03   7.0000000e+00   2.4000000e+01   1.6000000e+01   5.6000000e+01   0.0000000e+00   2.5800000e+00   4.8914999e+00  -1.0925001e+00   5.6370851e+00
   2.0090000e+03   7.0000000e+00   2.4000000e+01   1.6000000e+01   5.7000000e+01   0.0000000e+00   2.3990000e+00   4.9455000e+00  -1.2310001e+00   5.6328086e+00
   2.0090000e+03   7.0000000e+00   2.4000000e+01   1.6000000e+01   5.8000000e+01   0.0000000e+00   2.5550000e+00   4.9390000e+00  -1.1840000e+00   5.6853849e+00
   2.0090000e+03   7.0000000e+00   2.4000000e+01   1.6000000e+01   5.9000000e+01   0.0000000e+00   2.5179998e+00   4.9430002e+00  -1.0324997e+00   5.6426616e+00
   2.0090000e+03   7.0000000e+00   2.4000000e+01   1.7000000e+01   0.0000000e+00   0.0000000e+00   2.3760000e+00   4.6485000e+00  -1.2020001e+00   5.3571198e+00
   2.0090000e+03   7.0000000e+00   2.4000000e+01   1.7000000e+01   1.0000000e+00   0.0000000e+00   2.5140000e+00   4.7800000e+00  -1.1980000e+00   5.5320701e+00
   2.0090000e+03   7.0000000e+00   2.4000000e+01   1.7000000e+01   2.0000000e+00   0.0000000e+00   2.5435000e+00   4.8280000e+00  -1.1225001e+00   5.5712640e+00
   2.0090000e+03   7.0000000e+00   2.4000000e+01   1.7000000e+01   3.0000000e+00   0.0000000e+00   2.3270000e+00   4.8375000e+00  -1.2350000e+00   5.5083174e+00
   2.0090000e+03   7.0000000e+00   2.4000000e+01   1.7000000e+01   4.0000000e+00   0.0000000e+00   2.3980000e+00   4.8165000e+00  -1.2235000e+00   5.5177920e+00
   2.0090000e+03   7.0000000e+00   2.4000000e+01   1.7000000e+01   5.0000000e+00   0.0000000e+00   2.5470000e+00   4.8870000e+00  -1.3525000e+00   5.6744369e+00
   2.0090000e+03   7.0000000e+00   2.4000000e+01   1.7000000e+01   6.0000000e+00   0.0000000e+00   2.4995000e+00   4.9400000e+00  -1.4340000e+00   5.7190433e+00
   2.0090000e+03   7.0000000e+00   2.4000000e+01   1.7000000e+01   7.0000000e+00   0.0000000e+00   2.5335000e+00   4.9670000e+00  -1.3315000e+00   5.7325913e+00
   2.0090000e+03   7.0000000e+00   2.4000000e+01   1.7000000e+01   8.0000000e+00   0.0000000e+00   2.5290000e+00   4.9445000e+00  -1.4115001e+00   5.7302927e+00
   2.0090000e+03   7.0000000e+00   2.4000000e+01   1.7000000e+01   9.0000000e+00   0.0000000e+00   2.5180000e+00   4.9215000e+00  -1.4980000e+00   5.7276077e+00
   2.0090000e+03   7.0000000e+00   2.4000000e+01   1.7000000e+01   1.0000000e+01   0.0000000e+00   2.5980000e+00   4.8690000e+00  -1.1105000e+00   5.6293850e+00
   2.0090000e+03   7.0000000e+00   2.4000000e+01   1.7000000e+01   1.1000000e+01   0.0000000e+00   2.3344999e+00   4.2940000e+00  -1.1779999e+00   5.0275252e+00
   2.0090000e+03   7.0000000e+00   2.4000000e+01   1.7000000e+01   1.2000000e+01   0.0000000e+00   2.2820000e+00   4.0230000e+00  -1.3890000e+00   4.8292208e+00
   2.0090000e+03   7.0000000e+00   2.4000000e+01   1.7000000e+01   1.3000000e+01   0.0000000e+00   2.4150000e+00   4.5609999e+00  -1.3195000e+00   5.3269152e+00
   2.0090000e+03   7.0000000e+00   2.4000000e+01   1.7000000e+01   1.4000000e+01   0.0000000e+00   2.3115000e+00   5.0100001e+00  -1.0320001e+00   5.6132127e+00
   2.0090000e+03   7.0000000e+00   2.4000000e+01   1.7000000e+01   1.5000000e+01   0.0000000e+00   2.2670000e+00   5.1550000e+00  -7.8200000e-01   5.6854936e+00
   2.0090000e+03   7.0000000e+00   2.4000000e+01   1.7000000e+01   1.6000000e+01   0.0000000e+00   2.3405001e+00   5.0545000e+00  -9.7299995e-01   5.6544354e+00
   2.0090000e+03   7.0000000e+00   2.4000000e+01   1.7000000e+01   1.7000000e+01   0.0000000e+00   2.2424999e+00   5.0565000e+00  -1.0865001e+00   5.6371518e+00
   2.0090000e+03   7.0000000e+00   2.4000000e+01   1.7000000e+01   1.8000000e+01   0.0000000e+00   2.5810000e+00   4.8330000e+00  -1.2065000e+00   5.6102667e+00
   2.0090000e+03   7.0000000e+00   2.4000000e+01   1.7000000e+01   1.9000000e+01   0.0000000e+00   2.7734999e+00   4.7269999e+00  -1.2355000e+00   5.6181216e+00
   2.0090000e+03   7.0000000e+00   2.4000000e+01   1.7000000e+01   2.0000000e+01   0.0000000e+00   2.7270000e+00   4.8000000e+00  -1.1640000e+00   5.6419345e+00
   2.0090000e+03   7.0000000e+00   2.4000000e+01   1.7000000e+01   2.1000000e+01   0.0000000e+00   2.6165000e+00   4.8955000e+00  -1.1425000e+00   5.6672126e+00
   2.0090000e+03   7.0000000e+00   2.4000000e+01   1.7000000e+01   2.2000000e+01   0.0000000e+00   2.2565001e+00   5.0905000e+00  -1.0844999e+00   5.6728408e+00
   2.0090000e+03   7.0000000e+00   2.4000000e+01   1.7000000e+01   2.3000000e+01   0.0000000e+00   2.2035000e+00   5.1410000e+00  -8.5350000e-01   5.6580699e+00
   2.0090000e+03   7.0000000e+00   2.4000000e+01   1.7000000e+01   2.4000000e+01   0.0000000e+00   2.3485000e+00   5.0280000e+00  -9.5900000e-01   5.6316887e+00
   2.0090000e+03   7.0000000e+00   2.4000000e+01   1.7000000e+01   2.5000000e+01   0.0000000e+00   2.4780000e+00   5.0000000e+00  -8.7399995e-01   5.6483945e+00
   2.0090000e+03   7.0000000e+00   2.4000000e+01   1.7000000e+01   2.6000000e+01   0.0000000e+00   2.4110000e+00   5.0360000e+00  -8.1000000e-01   5.6418363e+00
   2.0090000e+03   7.0000000e+00   2.4000000e+01   1.7000000e+01   2.7000000e+01   0.0000000e+00   2.5175000e+00   4.9870000e+00  -8.6149997e-01   5.6524471e+00
   2.0090000e+03   7.0000000e+00   2.4000000e+01   1.7000000e+01   2.8000000e+01   0.0000000e+00   2.4189999e+00   5.0765001e+00  -8.5050006e-01   5.6873336e+00
   2.0090000e+03   7.0000000e+00   2.4000000e+01   1.7000000e+01   2.9000000e+01   0.0000000e+00   2.3460000e+00   5.1075000e+00  -8.7900000e-01   5.6888411e+00
   2.0090000e+03   7.0000000e+00   2.4000000e+01   1.7000000e+01   3.0000000e+01   0.0000000e+00   2.2810001e+00   5.1310000e+00  -8.3549999e-01   5.6769871e+00
   2.0090000e+03   7.0000000e+00   2.4000000e+01   1.7000000e+01   3.1000000e+01   0.0000000e+00   2.3495000e+00   5.1095000e+00  -7.4200000e-01   5.6725395e+00
   2.0090000e+03   7.0000000e+00   2.4000000e+01   1.7000000e+01   3.2000000e+01   0.0000000e+00   2.0640000e+00   5.1060000e+00  -1.0620000e+00   5.6088480e+00
   2.0090000e+03   7.0000000e+00   2.4000000e+01   1.7000000e+01   3.3000000e+01   0.0000000e+00   2.1060000e+00   5.2095000e+00  -6.6849975e-01   5.6587117e+00
