   2.0090000e+03   7.0000000e+00   8.0000000e+00   1.5000000e+01   3.0000000e+00   0.0000000e+00   9.1000000e-02   6.0570000e+00  -1.0680000e+00   6.1511100e+00
   2.0090000e+03   7.0000000e+00   8.0000000e+00   1.5000000e+01   4.0000000e+00   0.0000000e+00   3.6099986e-01   6.0135000e+00  -6.8550018e-01   6.0632016e+00
   2.0090000e+03   7.0000000e+00   8.0000000e+00   1.5000000e+01   5.0000000e+00   0.0000000e+00   7.3950000e-01   5.9165000e+00  -5.7600000e-01   5.9902929e+00
   2.0090000e+03   7.0000000e+00   8.0000000e+00   1.5000000e+01   6.0000000e+00   0.0000000e+00   1.0665000e+00   5.9610000e+00  -4.5550000e-01   6.0727608e+00
   2.0090000e+03   7.0000000e+00   8.0000000e+00   1.5000000e+01   7.0000000e+00   0.0000000e+00   8.8949994e-01   5.9010000e+00  -5.1949997e-01   5.9902330e+00
   2.0090000e+03   7.0000000e+00   8.0000000e+00   1.5000000e+01   8.0000000e+00   0.0000000e+00   9.3450000e-01   5.8105000e+00  -7.0100000e-01   5.9267699e+00
   2.0090000e+03   7.0000000e+00   8.0000000e+00   1.5000000e+01   9.0000000e+00   0.0000000e+00   9.8250000e-01   5.8055000e+00  -5.3500000e-01   5.9123059e+00
   2.0090000e+03   7.0000000e+00   8.0000000e+00   1.5000000e+01   1.0000000e+01   0.0000000e+00   1.2765000e+00   5.7895001e+00  -6.9749997e-01   5.9694447e+00
   2.0090000e+03   7.0000000e+00   8.0000000e+00   1.5000000e+01   1.1000000e+01   0.0000000e+00   8.9950000e-01   5.9030000e+00  -1.1445000e+00   6.0798347e+00
   2.0090000e+03   7.0000000e+00   8.0000000e+00   1.5000000e+01   1.2000000e+01   0.0000000e+00   3.3999997e-01   5.8055000e+00  -1.0579999e+00   5.9109047e+00
   2.0090000e+03   7.0000000e+00   8.0000000e+00   1.5000000e+01   1.3000000e+01   0.0000000e+00   2.5000080e-02   5.7140000e+00  -1.1265002e+00   5.8240384e+00
   2.0090000e+03   7.0000000e+00   8.0000000e+00   1.5000000e+01   1.4000000e+01   0.0000000e+00  -3.8300000e-01   5.6195000e+00  -1.4485000e+00   5.8158079e+00
   2.0090000e+03   7.0000000e+00   8.0000000e+00   1.5000000e+01   1.5000000e+01   0.0000000e+00   4.3500166e-02   5.5285000e+00  -1.2569999e+00   5.6697666e+00
   2.0090000e+03   7.0000000e+00   8.0000000e+00   1.5000000e+01   1.6000000e+01   0.0000000e+00   5.7499988e-01   5.5800001e+00  -1.0715001e+00   5.7109665e+00
   2.0090000e+03   7.0000000e+00   8.0000000e+00   1.5000000e+01   1.7000000e+01   0.0000000e+00   8.6350000e-01   5.5680000e+00  -9.7500000e-01   5.7182936e+00
   2.0090000e+03   7.0000000e+00   8.0000000e+00   1.5000000e+01   1.8000000e+01   0.0000000e+00   2.9349998e-01   5.4610000e+00  -8.9100003e-01   5.5409877e+00
   2.0090000e+03   7.0000000e+00   8.0000000e+00   1.5000000e+01   1.9000000e+01   0.0000000e+00   5.1150004e-01   5.4500000e+00  -6.3900001e-01   5.5111208e+00
   2.0090000e+03   7.0000000e+00   8.0000000e+00   1.5000000e+01   2.0000000e+01   0.0000000e+00   4.8250000e-01   5.4655000e+00  -4.9900000e-01   5.5094008e+00
   2.0090000e+03   7.0000000e+00   8.0000000e+00   1.5000000e+01   2.1000000e+01   0.0000000e+00  -2.6649990e-01   5.4500000e+00  -7.2599997e-01   5.5045980e+00
   2.0090000e+03   7.0000000e+00   8.0000000e+00   1.5000000e+01   2.2000000e+01   0.0000000e+00  -8.7150000e-01   5.3375000e+00  -9.3450000e-01   5.4883248e+00
   2.0090000e+03   7.0000000e+00   8.0000000e+00   1.5000000e+01   2.3000000e+01   0.0000000e+00  -1.0445000e+00   5.2585000e+00  -8.5850000e-01   5.4295326e+00
   2.0090000e+03   7.0000000e+00   8.0000000e+00   1.5000000e+01   2.4000000e+01   0.0000000e+00  -1.3299996e-01   5.2620000e+00  -3.2850007e-01   5.2739213e+00
   2.0090000e+03   7.0000000e+00   8.0000000e+00   1.5000000e+01   2.5000000e+01   0.0000000e+00   4.9450000e-01   5.4755000e+00  -5.4500000e-01   5.5247313e+00
   2.0090000e+03   7.0000000e+00   8.0000000e+00   1.5000000e+01   2.6000000e+01   0.0000000e+00   6.2649995e-01   5.5565000e+00  -6.2900006e-01   5.6269739e+00
   2.0090000e+03   7.0000000e+00   8.0000000e+00   1.5000000e+01   2.7000000e+01   0.0000000e+00   1.0975001e+00   5.5574999e+00  -9.4999970e-02   5.6656277e+00
   2.0090000e+03   7.0000000e+00   8.0000000e+00   1.5000000e+01   2.8000000e+01   0.0000000e+00   1.7090000e+00   5.4675000e+00  -3.0900000e-01   5.7366992e+00
   2.0090000e+03   7.0000000e+00   8.0000000e+00   1.5000000e+01   2.9000000e+01   0.0000000e+00   1.9520000e+00   5.3060000e+00   4.7899985e-01   5.6739212e+00
   2.0090000e+03   7.0000000e+00   8.0000000e+00   1.5000000e+01   3.0000000e+01   0.0000000e+00   5.5350019e-01   5.0990002e+00   1.2870004e+00   5.2879613e+00
   2.0090000e+03   7.0000000e+00   8.0000000e+00   1.5000000e+01   3.1000000e+01   0.0000000e+00   1.0195000e+00   5.4800000e+00   9.4350000e-01   5.6533152e+00
   2.0090000e+03   7.0000000e+00   8.0000000e+00   1.5000000e+01   3.2000000e+01   0.0000000e+00   1.1230000e+00   5.4900000e+00   6.0150002e-01   5.6358701e+00
   2.0090000e+03   7.0000000e+00   8.0000000e+00   1.5000000e+01   3.3000000e+01   0.0000000e+00   1.4325001e+00   5.4940000e+00   4.8050009e-01   5.6979797e+00
   2.0090000e+03   7.0000000e+00   8.0000000e+00   1.5000000e+01   3.4000000e+01   0.0000000e+00   1.6655000e+00   5.3075000e+00   6.2750000e-01   5.5979642e+00
   2.0090000e+03   7.0000000e+00   8.0000000e+00   1.5000000e+01   3.5000000e+01   0.0000000e+00   1.3335000e+00   5.1555000e+00   3.8950007e-01   5.3393926e+00
   2.0090000e+03   7.0000000e+00   8.0000000e+00   1.5000000e+01   3.6000000e+01   0.0000000e+00   8.6450000e-01   5.1370000e+00  -1.2350000e-01   5.2106988e+00
   2.0090000e+03   7.0000000e+00   8.0000000e+00   1.5000000e+01   3.7000000e+01   0.0000000e+00   1.0155000e+00   5.0680000e+00   4.9500000e-02   5.1689762e+00
   2.0090000e+03   7.0000000e+00   8.0000000e+00   1.5000000e+01   3.8000000e+01   0.0000000e+00   1.0550001e+00   5.1230000e+00   1.6250006e-01   5.2330259e+00
   2.0090000e+03   7.0000000e+00   8.0000000e+00   1.5000000e+01   3.9000000e+01   0.0000000e+00   1.0420000e+00   5.0190000e+00  -1.5450000e-01   5.1283521e+00
   2.0090000e+03   7.0000000e+00   8.0000000e+00   1.5000000e+01   4.0000000e+01   0.0000000e+00   8.0000000e-01   5.0515000e+00  -1.3700000e-01   5.1162898e+00
   2.0090000e+03   7.0000000e+00   8.0000000e+00   1.5000000e+01   4.1000000e+01   0.0000000e+00   9.2549990e-01   4.9945000e+00  -1.1499975e-02   5.0795386e+00
   2.0090000e+03   7.0000000e+00   8.0000000e+00   1.5000000e+01   4.2000000e+01   0.0000000e+00   9.5150000e-01   4.8900000e+00  -2.8200000e-01   4.9896870e+00
   2.0090000e+03   7.0000000e+00   8.0000000e+00   1.5000000e+01   4.3000000e+01   0.0000000e+00   1.0204999e+00   4.8910001e+00  -3.0750007e-01   5.0057825e+00
   2.0090000e+03   7.0000000e+00   8.0000000e+00   1.5000000e+01   4.4000000e+01   0.0000000e+00   9.9499995e-01   5.0390000e+00  -3.4749994e-01   5.1480387e+00
   2.0090000e+03   7.0000000e+00   8.0000000e+00   1.5000000e+01   4.5000000e+01   0.0000000e+00   9.5850000e-01   4.9740000e+00  -4.1800000e-01   5.0827278e+00
   2.0090000e+03   7.0000000e+00   8.0000000e+00   1.5000000e+01   4.6000000e+01   0.0000000e+00   1.1775000e+00   4.9485000e+00  -3.5100010e-01   5.0987606e+00
   2.0090000e+03   7.0000000e+00   8.0000000e+00   1.5000000e+01   4.7000000e+01   0.0000000e+00   1.1870001e+00   4.8384999e+00  -5.4350009e-01   5.0115310e+00
   2.0090000e+03   7.0000000e+00   8.0000000e+00   1.5000000e+01   4.8000000e+01   0.0000000e+00   1.2560000e+00   4.8535000e+00  -2.6950000e-01   5.0206203e+00
   2.0090000e+03   7.0000000e+00   8.0000000e+00   1.5000000e+01   4.9000000e+01   0.0000000e+00   1.2225001e+00   4.5795000e+00  -3.5749991e-01   4.7533286e+00
   2.0090000e+03   7.0000000e+00   8.0000000e+00   1.5000000e+01   5.0000000e+01   0.0000000e+00   1.1995000e+00   4.4860000e+00  -3.5150000e-01   4.6568818e+00
   2.0090000e+03   7.0000000e+00   8.0000000e+00   1.5000000e+01   5.1000000e+01   0.0000000e+00   1.5840000e+00   4.3980000e+00  -3.8350000e-01   4.6902593e+00
   2.0090000e+03   7.0000000e+00   8.0000000e+00   1.5000000e+01   5.2000000e+01   0.0000000e+00   1.6215000e+00   4.3090000e+00  -2.9149999e-01   4.6132110e+00
   2.0090000e+03   7.0000000e+00   8.0000000e+00   1.5000000e+01   5.3000000e+01   0.0000000e+00   1.5360000e+00   4.1825000e+00  -1.8100000e-01   4.4593008e+00
   2.0090000e+03   7.0000000e+00   8.0000000e+00   1.5000000e+01   5.4000000e+01   0.0000000e+00   1.4050000e+00   4.1740000e+00  -2.1550000e-01   4.4093924e+00
   2.0090000e+03   7.0000000e+00   8.0000000e+00   1.5000000e+01   5.5000000e+01   0.0000000e+00   1.3894999e+00   3.9655001e+00  -2.1800007e-01   4.2075438e+00
   2.0090000e+03   7.0000000e+00   8.0000000e+00   1.5000000e+01   5.6000000e+01   0.0000000e+00   1.4500000e+00   4.0310000e+00  -1.8050000e-01   4.2876615e+00
   2.0090000e+03   7.0000000e+00   8.0000000e+00   1.5000000e+01   5.7000000e+01   0.0000000e+00   1.1449999e+00   4.2230000e+00  -4.1800002e-01   4.3953928e+00
   2.0090000e+03   7.0000000e+00   8.0000000e+00   1.5000000e+01   5.8000000e+01   0.0000000e+00   9.1350013e-01   4.1789999e+00  -9.9799986e-01   4.3925535e+00
   2.0090000e+03   7.0000000e+00   8.0000000e+00   1.5000000e+01   5.9000000e+01   0.0000000e+00   9.8200000e-01   4.0830000e+00  -7.2450000e-01   4.2614684e+00
   2.0090000e+03   7.0000000e+00   8.0000000e+00   1.6000000e+01   0.0000000e+00   0.0000000e+00   1.1260000e+00   4.0010000e+00  -1.0000000e+00   4.2750295e+00
   2.0090000e+03   7.0000000e+00   8.0000000e+00   1.6000000e+01   1.0000000e+00   0.0000000e+00   1.0790001e+00   4.1670000e+00  -6.8050001e-01   4.3578906e+00
   2.0090000e+03   7.0000000e+00   8.0000000e+00   1.6000000e+01   2.0000000e+00   0.0000000e+00   1.3610000e+00   4.1135000e+00  -7.7250000e-01   4.4011316e+00
   2.0090000e+03   7.0000000e+00   8.0000000e+00   1.6000000e+01   3.0000000e+00   0.0000000e+00   1.2060000e+00   4.1225001e+00  -5.8499997e-01   4.3349357e+00
   2.0090000e+03   7.0000000e+00   8.0000000e+00   1.6000000e+01   4.0000000e+00   0.0000000e+00   1.2075000e+00   4.1250000e+00  -4.1899989e-01   4.3184769e+00
   2.0090000e+03   7.0000000e+00   8.0000000e+00   1.6000000e+01   5.0000000e+00   0.0000000e+00   1.4620000e+00   4.1310000e+00  -1.8150000e-01   4.3858348e+00
   2.0090000e+03   7.0000000e+00   8.0000000e+00   1.6000000e+01   6.0000000e+00   0.0000000e+00   1.6450000e+00   4.1350000e+00   9.1999970e-02   4.4511475e+00
   2.0090000e+03   7.0000000e+00   8.0000000e+00   1.6000000e+01   7.0000000e+00   0.0000000e+00   1.5970000e+00   4.2000000e+00  -4.5000000e-03   4.4933762e+00
   2.0090000e+03   7.0000000e+00   8.0000000e+00   1.6000000e+01   8.0000000e+00   0.0000000e+00   1.9370000e+00   4.0725000e+00   2.2800000e-01   4.5154412e+00
   2.0090000e+03   7.0000000e+00   8.0000000e+00   1.6000000e+01   9.0000000e+00   0.0000000e+00   2.0019999e+00   4.1609999e+00   5.1049997e-01   4.6457007e+00
   2.0090000e+03   7.0000000e+00   8.0000000e+00   1.6000000e+01   1.0000000e+01   0.0000000e+00   2.2035000e+00   4.1365000e+00   6.7350000e-01   4.7349389e+00
   2.0090000e+03   7.0000000e+00   8.0000000e+00   1.6000000e+01   1.1000000e+01   0.0000000e+00   2.3540000e+00   4.1600000e+00   7.8449995e-01   4.8437957e+00
   2.0090000e+03   7.0000000e+00   8.0000000e+00   1.6000000e+01   1.2000000e+01   0.0000000e+00   2.4680000e+00   4.1750000e+00   1.0544999e+00   4.9632267e+00
   2.0090000e+03   7.0000000e+00   8.0000000e+00   1.6000000e+01   1.3000000e+01   0.0000000e+00   2.7630000e+00   4.0610000e+00   1.2475000e+00   5.0677555e+00
   2.0090000e+03   7.0000000e+00   8.0000000e+00   1.6000000e+01   1.4000000e+01   0.0000000e+00   2.8335000e+00   3.9955000e+00   1.4770000e+00   5.1160798e+00
   2.0090000e+03   7.0000000e+00   8.0000000e+00   1.6000000e+01   1.5000000e+01   0.0000000e+00   2.8365000e+00   3.9595000e+00   1.6670001e+00   5.1480347e+00
   2.0090000e+03   7.0000000e+00   8.0000000e+00   1.6000000e+01   1.6000000e+01   0.0000000e+00   2.7365000e+00   3.9870000e+00   2.0380000e+00   5.2476705e+00
   2.0090000e+03   7.0000000e+00   8.0000000e+00   1.6000000e+01   1.7000000e+01   0.0000000e+00   3.1110000e+00   4.0360000e+00   1.3145000e+00   5.2626540e+00
   2.0090000e+03   7.0000000e+00   8.0000000e+00   1.6000000e+01   1.8000000e+01   0.0000000e+00   2.8614999e+00   4.1265001e+00   1.5190001e+00   5.2462888e+00
   2.0090000e+03   7.0000000e+00   8.0000000e+00   1.6000000e+01   1.9000000e+01   0.0000000e+00   2.6630000e+00   4.1150000e+00   1.7730000e+00   5.2123241e+00
   2.0090000e+03   7.0000000e+00   8.0000000e+00   1.6000000e+01   2.0000000e+01   0.0000000e+00   2.5885001e+00   4.1435000e+00   1.6395000e+00   5.1533373e+00
   2.0090000e+03   7.0000000e+00   8.0000000e+00   1.6000000e+01   2.1000000e+01   0.0000000e+00   2.3950000e+00   4.1815000e+00   1.4590000e+00   5.0348434e+00
   2.0090000e+03   7.0000000e+00   8.0000000e+00   1.6000000e+01   2.2000000e+01   0.0000000e+00   2.1775000e+00   4.2265000e+00   1.3480000e+00   4.9418531e+00
   2.0090000e+03   7.0000000e+00   8.0000000e+00   1.6000000e+01   2.3000000e+01   0.0000000e+00   1.8125001e+00   4.2095000e+00   1.0880000e+00   4.7104979e+00
   2.0090000e+03   7.0000000e+00   8.0000000e+00   1.6000000e+01   2.4000000e+01   0.0000000e+00   1.7130000e+00   4.0645000e+00   8.5350000e-01   4.4925484e+00
   2.0090000e+03   7.0000000e+00   8.0000000e+00   1.6000000e+01   2.5000000e+01   0.0000000e+00   1.3400000e+00   3.9595000e+00   8.9300000e-01   4.2744227e+00
   2.0090000e+03   7.0000000e+00   8.0000000e+00   1.6000000e+01   2.6000000e+01   0.0000000e+00   1.1675000e+00   3.8890000e+00   5.7200004e-01   4.1005562e+00
   2.0090000e+03   7.0000000e+00   8.0000000e+00   1.6000000e+01   2.7000000e+01   0.0000000e+00   7.8700000e-01   3.7800000e+00  -4.8500000e-02   3.8613626e+00
   2.0090000e+03   7.0000000e+00   8.0000000e+00   1.6000000e+01   2.8000000e+01   0.0000000e+00  -3.4999989e-01   3.7425000e+00  -4.5849990e-01   3.7866909e+00
   2.0090000e+03   7.0000000e+00   8.0000000e+00   1.6000000e+01   2.9000000e+01   0.0000000e+00  -1.6360001e+00   3.7175001e+00  -3.5000010e-01   4.0766166e+00
   2.0090000e+03   7.0000000e+00   8.0000000e+00   1.6000000e+01   3.0000000e+01   0.0000000e+00  -2.5315000e+00   1.1905000e+00  -2.7475000e+00   3.9210380e+00
   2.0090000e+03   7.0000000e+00   8.0000000e+00   1.6000000e+01   3.1000000e+01   0.0000000e+00  -3.8764999e+00  -5.3599993e-01  -2.6560000e+00   4.7295754e+00
   2.0090000e+03   7.0000000e+00   8.0000000e+00   1.6000000e+01   3.2000000e+01   0.0000000e+00  -4.8445001e+00  -1.1660001e+00  -2.9905000e+00   5.8113533e+00
   2.0090000e+03   7.0000000e+00   8.0000000e+00   1.6000000e+01   3.3000000e+01   0.0000000e+00  -5.2735000e+00  -2.4700000e+00  -4.1890000e+00   7.1734527e+00
   2.0090000e+03   7.0000000e+00   8.0000000e+00   1.6000000e+01   3.4000000e+01   0.0000000e+00  -3.9030003e+00  -4.4359999e+00  -5.9834998e+00   8.4091483e+00
   2.0090000e+03   7.0000000e+00   8.0000000e+00   1.6000000e+01   3.5000000e+01   0.0000000e+00  -1.3360000e+00  -3.7635000e+00  -7.2205000e+00   8.2513301e+00
   2.0090000e+03   7.0000000e+00   8.0000000e+00   1.6000000e+01   3.6000000e+01   0.0000000e+00   1.0650000e-01  -2.6220000e+00  -6.5420000e+00   7.0486871e+00
   2.0090000e+03   7.0000000e+00   8.0000000e+00   1.6000000e+01   3.7000000e+01   0.0000000e+00  -5.8950025e-01  -1.5600011e-01  -5.7820001e+00   5.8140667e+00
   2.0090000e+03   7.0000000e+00   8.0000000e+00   1.6000000e+01   3.8000000e+01   0.0000000e+00   7.0250000e-01   4.4600000e-01  -4.4510000e+00   4.5281148e+00
   2.0090000e+03   7.0000000e+00   8.0000000e+00   1.6000000e+01   3.9000000e+01   0.0000000e+00   5.6500000e-01   1.7005000e+00  -2.9165000e+00   3.4229954e+00
   2.0090000e+03   7.0000000e+00   8.0000000e+00   1.6000000e+01   4.0000000e+01   0.0000000e+00  -2.0050007e-01   2.9605001e+00  -1.6029999e+00   3.3725909e+00
   2.0090000e+03   7.0000000e+00   8.0000000e+00   1.6000000e+01   4.1000000e+01   0.0000000e+00  -1.6665000e+00   2.5135000e+00  -1.4620000e+00   3.3514696e+00
   2.0090000e+03   7.0000000e+00   8.0000000e+00   1.6000000e+01   4.2000000e+01   0.0000000e+00  -2.8199998e+00   1.0105001e+00  -6.0900000e-01   3.0568596e+00
   2.0090000e+03   7.0000000e+00   8.0000000e+00   1.6000000e+01   4.3000000e+01   0.0000000e+00  -2.9650001e+00   1.5755001e+00  -6.3650012e-01   3.4173906e+00
   2.0090000e+03   7.0000000e+00   8.0000000e+00   1.6000000e+01   4.4000000e+01   0.0000000e+00  -3.7395000e+00   2.1035000e+00  -1.4990000e+00   4.5448403e+00
   2.0090000e+03   7.0000000e+00   8.0000000e+00   1.6000000e+01   4.5000000e+01   0.0000000e+00  -2.7760000e+00   2.1360001e+00  -3.1275000e+00   4.6957351e+00
   2.0090000e+03   7.0000000e+00   8.0000000e+00   1.6000000e+01   4.6000000e+01   0.0000000e+00  -3.0485000e+00   1.7440000e+00  -2.6380000e+00   4.3924859e+00
   2.0090000e+03   7.0000000e+00   8.0000000e+00   1.6000000e+01   4.7000000e+01   0.0000000e+00  -3.6105000e+00   1.6155000e+00  -2.2210000e+00   4.5363412e+00
   2.0090000e+03   7.0000000e+00   8.0000000e+00   1.6000000e+01   4.8000000e+01   0.0000000e+00  -4.1424999e+00   1.7515000e+00  -2.2240002e+00   5.0173932e+00
   2.0090000e+03   7.0000000e+00   8.0000000e+00   1.6000000e+01   4.9000000e+01   0.0000000e+00  -4.9030000e+00   2.0895000e+00  -2.2165000e+00   5.7721999e+00
   2.0090000e+03   7.0000000e+00   8.0000000e+00   1.6000000e+01   5.0000000e+01   0.0000000e+00  -5.5490000e+00   1.6985000e+00  -1.8380000e+00   6.0872446e+00
   2.0090000e+03   7.0000000e+00   8.0000000e+00   1.6000000e+01   5.1000000e+01   0.0000000e+00  -6.4920000e+00   1.1859999e+00  -1.3565001e+00   6.7374144e+00
   2.0090000e+03   7.0000000e+00   8.0000000e+00   1.6000000e+01   5.2000000e+01   0.0000000e+00  -6.7920000e+00   7.8500000e-01  -1.4050000e+00   6.9800798e+00
   2.0090000e+03   7.0000000e+00   8.0000000e+00   1.6000000e+01   5.3000000e+01   0.0000000e+00  -7.0150000e+00  -2.2150000e-01  -1.0645000e+00   7.0987638e+00
   2.0090000e+03   7.0000000e+00   8.0000000e+00   1.6000000e+01   5.4000000e+01   0.0000000e+00  -6.5755000e+00  -4.4049993e-01   6.5500007e-01   6.6227084e+00
   2.0090000e+03   7.0000000e+00   8.0000000e+00   1.6000000e+01   5.5000000e+01   0.0000000e+00  -5.6080000e+00  -5.6150000e-01   3.9550000e-01   5.6498997e+00
   2.0090000e+03   7.0000000e+00   8.0000000e+00   1.6000000e+01   5.6000000e+01   0.0000000e+00  -4.7300001e+00   4.7149985e-01  -2.3129999e+00   5.2863202e+00
   2.0090000e+03   7.0000000e+00   8.0000000e+00   1.6000000e+01   5.7000000e+01   0.0000000e+00  -5.1100000e+00   1.0130001e+00  -2.0700004e-01   5.2135514e+00
   2.0090000e+03   7.0000000e+00   8.0000000e+00   1.6000000e+01   5.8000000e+01   0.0000000e+00  -5.0030000e+00   1.6740000e+00  -7.5150000e-01   5.3288871e+00
   2.0090000e+03   7.0000000e+00   8.0000000e+00   1.6000000e+01   5.9000000e+01   0.0000000e+00  -4.1835000e+00   3.4319999e+00  -1.1815001e+00   5.5386134e+00
   2.0090000e+03   7.0000000e+00   8.0000000e+00   1.7000000e+01   0.0000000e+00   0.0000000e+00  -4.3824999e+00   5.0515002e+00  -3.9035004e+00   7.7434666e+00
   2.0090000e+03   7.0000000e+00   8.0000000e+00   1.7000000e+01   1.0000000e+00   0.0000000e+00  -3.8040000e+00   5.1100000e+00  -2.6280000e+00   6.8912191e+00
   2.0090000e+03   7.0000000e+00   8.0000000e+00   1.7000000e+01   2.0000000e+00   0.0000000e+00  -4.8985001e+00   4.0684999e+00  -8.0049996e-01   6.4178497e+00
   2.0090000e+03   7.0000000e+00   8.0000000e+00   1.7000000e+01   3.0000000e+00   0.0000000e+00  -4.6439998e+00   4.3900000e+00  -1.3175001e+00   6.5249246e+00
   2.0090000e+03   7.0000000e+00   8.0000000e+00   1.7000000e+01   4.0000000e+00   0.0000000e+00  -4.4925000e+00   4.8250000e+00  -1.7705000e+00   6.8262619e+00
   2.0090000e+03   7.0000000e+00   8.0000000e+00   1.7000000e+01   5.0000000e+00   0.0000000e+00  -2.2925003e+00   6.0849999e+00  -2.8764997e+00   7.1103468e+00
   2.0090000e+03   7.0000000e+00   8.0000000e+00   1.7000000e+01   6.0000000e+00   0.0000000e+00   1.8650000e-01   6.1400000e+00  -4.0635000e+00   7.3652165e+00
   2.0090000e+03   7.0000000e+00   8.0000000e+00   1.7000000e+01   7.0000000e+00   0.0000000e+00   5.3000000e-01   1.1335000e+00  -4.3380000e+00   4.5148606e+00
   2.0090000e+03   7.0000000e+00   8.0000000e+00   1.7000000e+01   8.0000000e+00   0.0000000e+00   6.8650005e-01  -7.0100017e-01  -2.8104999e+00   2.9768428e+00
   2.0090000e+03   7.0000000e+00   8.0000000e+00   1.7000000e+01   9.0000000e+00   0.0000000e+00  -6.0500000e-02  -8.7800000e-01  -4.0540000e+00   4.1484286e+00
   2.0090000e+03   7.0000000e+00   8.0000000e+00   1.7000000e+01   1.0000000e+01   0.0000000e+00  -8.6500000e-02   1.0360000e+00  -4.1375000e+00   4.2661088e+00
   2.0090000e+03   7.0000000e+00   8.0000000e+00   1.7000000e+01   1.1000000e+01   0.0000000e+00   9.9100035e-01   4.2735007e+00  -3.5979999e+00   5.6736666e+00
   2.0090000e+03   7.0000000e+00   8.0000000e+00   1.7000000e+01   1.2000000e+01   0.0000000e+00   2.4050000e-01   6.5000000e+00   2.5000000e-02   6.5044958e+00
   2.0090000e+03   7.0000000e+00   8.0000000e+00   1.7000000e+01   1.3000000e+01   0.0000000e+00   7.1629998e+00   2.5814993e+00  -2.4865001e+00   8.0097059e+00
   2.0090000e+03   7.0000000e+00   8.0000000e+00   1.7000000e+01   1.4000000e+01   0.0000000e+00   7.4060005e+00  -2.3900059e-01  -3.1800000e+00   8.0633966e+00
   2.0090000e+03   7.0000000e+00   8.0000000e+00   1.7000000e+01   1.5000000e+01   0.0000000e+00  -3.5660000e+00  -1.0259000e+01   1.0500000e-01   1.0861605e+01
   2.0090000e+03   7.0000000e+00   8.0000000e+00   1.7000000e+01   1.6000000e+01   0.0000000e+00  -2.2605001e+00  -9.0740001e+00  -1.2500002e-01   9.3521635e+00
   2.0090000e+03   7.0000000e+00   8.0000000e+00   1.7000000e+01   1.7000000e+01   0.0000000e+00  -1.6785000e+00  -7.8204999e+00   7.8050001e-01   8.0365889e+00
   2.0090000e+03   7.0000000e+00   8.0000000e+00   1.7000000e+01   1.8000000e+01   0.0000000e+00  -1.9450000e+00  -6.5560000e+00   5.3400000e-01   6.8592505e+00
   2.0090000e+03   7.0000000e+00   8.0000000e+00   1.7000000e+01   1.9000000e+01   0.0000000e+00  -7.3549976e-01  -4.7965001e+00  -7.2800007e-01   4.9068684e+00
   2.0090000e+03   7.0000000e+00   8.0000000e+00   1.7000000e+01   2.0000000e+01   0.0000000e+00  -9.7700000e-01  -4.3690000e+00  -1.1450000e+00   4.6210080e+00
   2.0090000e+03   7.0000000e+00   8.0000000e+00   1.7000000e+01   2.1000000e+01   0.0000000e+00  -1.4055000e+00  -3.8345000e+00  -1.7630000e+00   4.4482569e+00
   2.0090000e+03   7.0000000e+00   8.0000000e+00   1.7000000e+01   2.2000000e+01   0.0000000e+00  -1.9670001e+00  -4.3804999e+00  -6.6399990e-01   4.8475524e+00
   2.0090000e+03   7.0000000e+00   8.0000000e+00   1.7000000e+01   2.3000000e+01   0.0000000e+00  -1.9880000e+00  -3.3140000e+00  -6.5250000e-01   3.9192469e+00
   2.0090000e+03   7.0000000e+00   8.0000000e+00   1.7000000e+01   2.4000000e+01   0.0000000e+00  -9.9500000e-02  -1.5895000e+00  -2.7705000e+00   3.1956346e+00
   2.0090000e+03   7.0000000e+00   8.0000000e+00   1.7000000e+01   2.5000000e+01   0.0000000e+00   4.6550008e-01  -7.7200014e-01  -1.2285000e+00   1.5237739e+00
   2.0090000e+03   7.0000000e+00   8.0000000e+00   1.7000000e+01   2.6000000e+01   0.0000000e+00  -5.3400000e-01  -2.0750000e-01  -1.8250000e-01   6.0126409e-01
   2.0090000e+03   7.0000000e+00   8.0000000e+00   1.7000000e+01   2.7000000e+01   0.0000000e+00  -8.7350009e-01  -1.0810000e+00   3.4749992e-01   1.4325919e+00
   2.0090000e+03   7.0000000e+00   8.0000000e+00   1.7000000e+01   2.8000000e+01   0.0000000e+00  -1.3810001e+00  -2.8170000e+00  -1.7000025e-01   3.1419024e+00
   2.0090000e+03   7.0000000e+00   8.0000000e+00   1.7000000e+01   2.9000000e+01   0.0000000e+00  -9.6450000e-01  -1.4660000e+00  -2.4900000e+00   3.0462298e+00
   2.0090000e+03   7.0000000e+00   8.0000000e+00   1.7000000e+01   3.0000000e+01   0.0000000e+00  -4.6899987e-01  -1.3714999e+00  -1.8595001e+00   2.3576924e+00
   2.0090000e+03   7.0000000e+00   8.0000000e+00   1.7000000e+01   3.1000000e+01   0.0000000e+00  -4.5249991e-01  -1.8545001e+00  -2.3479998e+00   3.0260584e+00
   2.0090000e+03   7.0000000e+00   8.0000000e+00   1.7000000e+01   3.2000000e+01   0.0000000e+00  -7.5000000e-02  -2.5395000e+00  -2.1525000e+00   3.3298561e+00
   2.0090000e+03   7.0000000e+00   8.0000000e+00   1.7000000e+01   3.3000000e+01   0.0000000e+00  -6.4749996e-01  -1.8885003e+00  -3.5819996e+00   4.1007818e+00
   2.0090000e+03   7.0000000e+00   8.0000000e+00   1.7000000e+01   3.4000000e+01   0.0000000e+00  -6.4999859e-02   7.9850014e-01  -3.8530002e+00   3.9354082e+00
   2.0090000e+03   7.0000000e+00   8.0000000e+00   1.7000000e+01   3.5000000e+01   0.0000000e+00   5.4650000e-01   2.9325000e+00  -3.5905000e+00   4.6679662e+00
   2.0090000e+03   7.0000000e+00   8.0000000e+00   1.7000000e+01   3.6000000e+01   0.0000000e+00   7.4199997e-01   3.2469999e+00  -2.6940000e+00   4.2838310e+00
   2.0090000e+03   7.0000000e+00   8.0000000e+00   1.7000000e+01   3.7000000e+01   0.0000000e+00   6.0050000e-01   2.0365000e+00  -7.0600000e-01   2.2374916e+00
   2.0090000e+03   7.0000000e+00   8.0000000e+00   1.7000000e+01   3.8000000e+01   0.0000000e+00  -5.0100000e-01  -1.3485000e+00  -1.1785000e+00   1.8596547e+00
   2.0090000e+03   7.0000000e+00   8.0000000e+00   1.7000000e+01   3.9000000e+01   0.0000000e+00  -7.9399996e-01  -1.1855000e+00  -1.9865000e+00   2.4458185e+00
   2.0090000e+03   7.0000000e+00   8.0000000e+00   1.7000000e+01   4.0000000e+01   0.0000000e+00  -5.2200000e-01  -2.5750000e-01  -2.1705000e+00   2.2471895e+00
   2.0090000e+03   7.0000000e+00   8.0000000e+00   1.7000000e+01   4.1000000e+01   0.0000000e+00  -4.0500166e-02   6.5399985e-01  -2.1145000e+00   2.2136997e+00
   2.0090000e+03   7.0000000e+00   8.0000000e+00   1.7000000e+01   4.2000000e+01   0.0000000e+00   3.3250006e-01   1.1445000e+00  -2.0470001e+00   2.3686802e+00
   2.0090000e+03   7.0000000e+00   8.0000000e+00   1.7000000e+01   4.3000000e+01   0.0000000e+00  -1.5350000e-01   1.0225000e+00  -2.2275000e+00   2.4557738e+00
   2.0090000e+03   7.0000000e+00   8.0000000e+00   1.7000000e+01   4.4000000e+01   0.0000000e+00  -2.1700005e-01   8.8749988e-01  -2.0545000e+00   2.2484918e+00
   2.0090000e+03   7.0000000e+00   8.0000000e+00   1.7000000e+01   4.5000000e+01   0.0000000e+00   7.0000070e-02   1.1895000e+00  -1.3495000e+00   1.8002668e+00
   2.0090000e+03   7.0000000e+00   8.0000000e+00   1.7000000e+01   4.6000000e+01   0.0000000e+00  -4.6000000e-02   1.1360000e+00  -1.4125000e+00   1.8132204e+00
   2.0090000e+03   7.0000000e+00   8.0000000e+00   1.7000000e+01   4.7000000e+01   0.0000000e+00  -1.0104999e+00   1.1035001e+00  -2.2445000e+00   2.6975179e+00
   2.0090000e+03   7.0000000e+00   8.0000000e+00   1.7000000e+01   4.8000000e+01   0.0000000e+00  -1.0090001e+00   1.2665000e+00  -2.1980001e+00   2.7300746e+00
   2.0090000e+03   7.0000000e+00   8.0000000e+00   1.7000000e+01   4.9000000e+01   0.0000000e+00  -7.9650000e-01   1.5950000e+00  -1.7710000e+00   2.5129422e+00
   2.0090000e+03   7.0000000e+00   8.0000000e+00   1.7000000e+01   5.0000000e+01   0.0000000e+00  -1.0150000e+00   1.5490000e+00  -1.7860000e+00   2.5728237e+00
   2.0090000e+03   7.0000000e+00   8.0000000e+00   1.7000000e+01   5.1000000e+01   0.0000000e+00  -9.5850000e-01   1.6500000e+00  -1.7995000e+00   2.6228653e+00
   2.0090000e+03   7.0000000e+00   8.0000000e+00   1.7000000e+01   5.2000000e+01   0.0000000e+00  -1.0650000e+00   1.7525000e+00  -1.8115000e+00   2.7362408e+00
   2.0090000e+03   7.0000000e+00   8.0000000e+00   1.7000000e+01   5.3000000e+01   0.0000000e+00  -1.1640001e+00   1.8455001e+00  -1.8880000e+00   2.8853614e+00
   2.0090000e+03   7.0000000e+00   8.0000000e+00   1.7000000e+01   5.4000000e+01   0.0000000e+00  -1.0880000e+00   2.0970000e+00  -1.9050000e+00   3.0348275e+00
   2.0090000e+03   7.0000000e+00   8.0000000e+00   1.7000000e+01   5.5000000e+01   0.0000000e+00  -9.4000000e-01   2.2870000e+00  -1.8445000e+00   3.0848256e+00
   2.0090000e+03   7.0000000e+00   8.0000000e+00   1.7000000e+01   5.6000000e+01   0.0000000e+00  -6.9249993e-01   2.2070000e+00  -1.7859999e+00   2.9223622e+00
   2.0090000e+03   7.0000000e+00   8.0000000e+00   1.7000000e+01   5.7000000e+01   0.0000000e+00  -3.3800000e-01   2.3380000e+00  -1.8405000e+00   2.9946499e+00
   2.0090000e+03   7.0000000e+00   8.0000000e+00   1.7000000e+01   5.8000000e+01   0.0000000e+00  -3.5050010e-01   2.2805000e+00  -2.0840001e+00   3.1091136e+00
   2.0090000e+03   7.0000000e+00   8.0000000e+00   1.7000000e+01   5.9000000e+01   0.0000000e+00  -2.5750007e-01   2.3200001e+00  -2.1635000e+00   3.1826780e+00
   2.0090000e+03   7.0000000e+00   8.0000000e+00   1.8000000e+01   0.0000000e+00   0.0000000e+00   1.4350000e-01   2.6400000e+00  -1.9260000e+00   3.2710347e+00
   2.0090000e+03   7.0000000e+00   8.0000000e+00   1.8000000e+01   1.0000000e+00   0.0000000e+00   2.5249992e-01   2.9225000e+00  -1.9275000e+00   3.5099884e+00
   2.0090000e+03   7.0000000e+00   8.0000000e+00   1.8000000e+01   2.0000000e+00   0.0000000e+00   2.5999996e-01   2.8950000e+00  -2.0190000e+00   3.5390657e+00
   2.0090000e+03   7.0000000e+00   8.0000000e+00   1.8000000e+01   3.0000000e+00   0.0000000e+00   3.2250000e-01   2.7465000e+00  -1.8090000e+00   3.3045044e+00
   2.0090000e+03   7.0000000e+00   8.0000000e+00   1.8000000e+01   4.0000000e+00   0.0000000e+00   5.5700004e-01   2.5640000e+00  -1.5990000e+00   3.0726448e+00
   2.0090000e+03   7.0000000e+00   8.0000000e+00   1.8000000e+01   5.0000000e+00   0.0000000e+00   2.4800000e-01   2.5425000e+00  -1.7495000e+00   3.0962171e+00
   2.0090000e+03   7.0000000e+00   8.0000000e+00   1.8000000e+01   6.0000000e+00   0.0000000e+00   1.6500000e-02   2.3325000e+00  -1.8290000e+00   2.9641305e+00
   2.0090000e+03   7.0000000e+00   8.0000000e+00   1.8000000e+01   7.0000000e+00   0.0000000e+00   1.1200002e-01   1.9765000e+00  -1.4494999e+00   2.4535987e+00
   2.0090000e+03   7.0000000e+00   8.0000000e+00   1.8000000e+01   8.0000000e+00   0.0000000e+00  -2.2500000e-01   2.0345000e+00  -1.6355000e+00   2.6200526e+00
   2.0090000e+03   7.0000000e+00   8.0000000e+00   1.8000000e+01   9.0000000e+00   0.0000000e+00  -2.0300000e-01   2.2995000e+00  -1.6785000e+00   2.8541674e+00
   2.0090000e+03   7.0000000e+00   8.0000000e+00   1.8000000e+01   1.0000000e+01   0.0000000e+00  -4.5500004e-01   2.1820000e+00  -1.6650000e+00   2.7821528e+00
   2.0090000e+03   7.0000000e+00   8.0000000e+00   1.8000000e+01   1.1000000e+01   0.0000000e+00  -1.1865000e+00   2.2135000e+00  -2.0015000e+00   3.2114431e+00
   2.0090000e+03   7.0000000e+00   8.0000000e+00   1.8000000e+01   1.2000000e+01   0.0000000e+00  -1.9979999e+00   1.8275001e+00  -2.4165000e+00   3.6292193e+00
   2.0090000e+03   7.0000000e+00   8.0000000e+00   1.8000000e+01   1.3000000e+01   0.0000000e+00  -1.9719999e+00   1.9930000e+00  -2.5690001e+00   3.8027088e+00
   2.0090000e+03   7.0000000e+00   8.0000000e+00   1.8000000e+01   1.4000000e+01   0.0000000e+00  -1.7715000e+00   2.1525000e+00  -2.5250000e+00   3.7612622e+00
   2.0090000e+03   7.0000000e+00   8.0000000e+00   1.8000000e+01   1.5000000e+01   0.0000000e+00  -1.3845000e+00   2.2930000e+00  -2.2760000e+00   3.5149489e+00
   2.0090000e+03   7.0000000e+00   8.0000000e+00   1.8000000e+01   1.6000000e+01   0.0000000e+00  -1.3955000e+00   2.0909999e+00  -2.0689999e+00   3.2558351e+00
   2.0090000e+03   7.0000000e+00   8.0000000e+00   1.8000000e+01   1.7000000e+01   0.0000000e+00  -1.2290000e+00   1.8005000e+00  -1.7700000e+00   2.8080494e+00
   2.0090000e+03   7.0000000e+00   8.0000000e+00   1.8000000e+01   1.8000000e+01   0.0000000e+00  -1.5039999e+00   1.9590001e+00  -1.8999999e+00   3.1160387e+00
   2.0090000e+03   7.0000000e+00   8.0000000e+00   1.8000000e+01   1.9000000e+01   0.0000000e+00  -2.6370000e+00   1.4359999e+00  -2.2079999e+00   3.7270804e+00
   2.0090000e+03   7.0000000e+00   8.0000000e+00   1.8000000e+01   2.0000000e+01   0.0000000e+00  -3.2690000e+00   3.2250000e-01  -2.1710000e+00   3.9374622e+00
   2.0090000e+03   7.0000000e+00   8.0000000e+00   1.8000000e+01   2.1000000e+01   0.0000000e+00  -3.2455000e+00   5.5000028e-01  -2.0205000e+00   3.8624074e+00
   2.0090000e+03   7.0000000e+00   8.0000000e+00   1.8000000e+01   2.2000000e+01   0.0000000e+00  -3.3305000e+00   3.3850000e-01  -1.9645000e+00   3.8815039e+00
   2.0090000e+03   7.0000000e+00   8.0000000e+00   1.8000000e+01   2.3000000e+01   0.0000000e+00  -3.4785000e+00   1.3600000e-01  -1.7915000e+00   3.9150901e+00
   2.0090000e+03   7.0000000e+00   8.0000000e+00   1.8000000e+01   2.4000000e+01   0.0000000e+00  -3.5850000e+00   4.9500015e-02  -1.7075000e+00   3.9711751e+00
   2.0090000e+03   7.0000000e+00   8.0000000e+00   1.8000000e+01   2.5000000e+01   0.0000000e+00  -3.6805000e+00  -1.5200000e-01  -1.6155000e+00   4.0223158e+00
   2.0090000e+03   7.0000000e+00   8.0000000e+00   1.8000000e+01   2.6000000e+01   0.0000000e+00  -3.6095000e+00  -6.8500010e-01  -1.3814999e+00   3.9250805e+00
   2.0090000e+03   7.0000000e+00   8.0000000e+00   1.8000000e+01   2.7000000e+01   0.0000000e+00  -3.5249999e+00  -5.6100003e-01  -1.5120000e+00   3.8764016e+00
   2.0090000e+03   7.0000000e+00   8.0000000e+00   1.8000000e+01   2.8000000e+01   0.0000000e+00  -3.4010000e+00  -1.2515000e+00  -1.3900000e+00   3.8813855e+00
   2.0090000e+03   7.0000000e+00   8.0000000e+00   1.8000000e+01   2.9000000e+01   0.0000000e+00  -3.2145000e+00  -1.2610000e+00  -1.8409999e+00   3.9131077e+00
   2.0090000e+03   7.0000000e+00   8.0000000e+00   1.8000000e+01   3.0000000e+01   0.0000000e+00  -3.4689999e+00  -1.2360000e+00  -1.6839999e+00   4.0493842e+00
   2.0090000e+03   7.0000000e+00   8.0000000e+00   1.8000000e+01   3.1000000e+01   0.0000000e+00  -3.5355000e+00  -1.2770000e+00  -1.1675000e+00   3.9361841e+00
   2.0090000e+03   7.0000000e+00   8.0000000e+00   1.8000000e+01   3.2000000e+01   0.0000000e+00  -3.5210000e+00  -6.3600002e-01  -1.3065001e+00   3.8090523e+00
   2.0090000e+03   7.0000000e+00   8.0000000e+00   1.8000000e+01   3.3000000e+01   0.0000000e+00  -3.3989999e+00  -3.5649997e-01  -1.3195001e+00   3.6635192e+00
   2.0090000e+03   7.0000000e+00   8.0000000e+00   1.8000000e+01   3.4000000e+01   0.0000000e+00  -3.4600000e+00  -4.2600000e-01  -1.4130000e+00   3.7616014e+00
   2.0090000e+03   7.0000000e+00   8.0000000e+00   1.8000000e+01   3.5000000e+01   0.0000000e+00  -3.4510000e+00  -4.5299999e-01  -1.5560000e+00   3.8125773e+00
   2.0090000e+03   7.0000000e+00   8.0000000e+00   1.8000000e+01   3.6000000e+01   0.0000000e+00  -3.5655000e+00  -4.8700000e-01  -1.5505000e+00   3.9184193e+00
   2.0090000e+03   7.0000000e+00   8.0000000e+00   1.8000000e+01   3.7000000e+01   0.0000000e+00  -3.6335000e+00  -7.1800000e-01  -1.4905000e+00   3.9924224e+00
   2.0090000e+03   7.0000000e+00   8.0000000e+00   1.8000000e+01   3.8000000e+01   0.0000000e+00  -3.6485000e+00  -8.7900004e-01  -1.3250000e+00   3.9799269e+00
   2.0090000e+03   7.0000000e+00   8.0000000e+00   1.8000000e+01   3.9000000e+01   0.0000000e+00  -3.5365000e+00  -1.0220000e+00  -1.0615000e+00   3.8312007e+00
   2.0090000e+03   7.0000000e+00   8.0000000e+00   1.8000000e+01   4.0000000e+01   0.0000000e+00  -3.4290000e+00  -1.1935000e+00  -1.6065000e+00   3.9703055e+00
   2.0090000e+03   7.0000000e+00   8.0000000e+00   1.8000000e+01   4.1000000e+01   0.0000000e+00  -3.1790000e+00  -9.7949989e-01  -2.0469999e+00   3.9058507e+00
   2.0090000e+03   7.0000000e+00   8.0000000e+00   1.8000000e+01   4.2000000e+01   0.0000000e+00  -3.1090000e+00  -9.6800000e-01  -1.7450000e+00   3.6943105e+00
   2.0090000e+03   7.0000000e+00   8.0000000e+00   1.8000000e+01   4.3000000e+01   0.0000000e+00  -3.4100000e+00  -8.8699993e-01  -1.6990000e+00   3.9117093e+00
   2.0090000e+03   7.0000000e+00   8.0000000e+00   1.8000000e+01   4.4000000e+01   0.0000000e+00  -3.4785001e+00  -1.1169999e+00  -1.4715000e+00   3.9386500e+00
   2.0090000e+03   7.0000000e+00   8.0000000e+00   1.8000000e+01   4.5000000e+01   0.0000000e+00  -3.3000000e+00  -1.4665000e+00  -1.3585000e+00   3.8582567e+00
   2.0090000e+03   7.0000000e+00   8.0000000e+00   1.8000000e+01   4.6000000e+01   0.0000000e+00  -3.2530000e+00  -1.6269999e+00  -1.5095000e+00   3.9379853e+00
   2.0090000e+03   7.0000000e+00   8.0000000e+00   1.8000000e+01   4.7000000e+01   0.0000000e+00  -3.2470000e+00  -1.9065000e+00  -1.4840001e+00   4.0472222e+00
   2.0090000e+03   7.0000000e+00   8.0000000e+00   1.8000000e+01   4.8000000e+01   0.0000000e+00  -3.1585000e+00  -2.1395000e+00  -1.3205000e+00   4.0369918e+00
   2.0090000e+03   7.0000000e+00   8.0000000e+00   1.8000000e+01   4.9000000e+01   0.0000000e+00  -3.1505001e+00  -2.3479999e+00  -9.0300030e-01   4.0316453e+00
   2.0090000e+03   7.0000000e+00   8.0000000e+00   1.8000000e+01   5.0000000e+01   0.0000000e+00  -3.1115000e+00  -1.9250000e+00  -1.6215000e+00   4.0020394e+00
   2.0090000e+03   7.0000000e+00   8.0000000e+00   1.8000000e+01   5.1000000e+01   0.0000000e+00  -3.3265000e+00  -2.1915000e+00  -1.0135000e+00   4.1104083e+00
   2.0090000e+03   7.0000000e+00   8.0000000e+00   1.8000000e+01   5.2000000e+01   0.0000000e+00  -3.3315000e+00  -2.0834999e+00  -1.0290000e+00   4.0618599e+00
   2.0090000e+03   7.0000000e+00   8.0000000e+00   1.8000000e+01   5.3000000e+01   0.0000000e+00  -3.4125000e+00  -1.8915000e+00  -8.3050000e-01   3.9890674e+00
   2.0090000e+03   7.0000000e+00   8.0000000e+00   1.8000000e+01   5.4000000e+01   0.0000000e+00  -3.4170000e+00  -1.7005000e+00  -1.2925000e+00   4.0296582e+00
   2.0090000e+03   7.0000000e+00   8.0000000e+00   1.8000000e+01   5.5000000e+01   0.0000000e+00  -3.2735000e+00  -1.2194998e+00  -1.6330001e+00   3.8561213e+00
   2.0090000e+03   7.0000000e+00   8.0000000e+00   1.8000000e+01   5.6000000e+01   0.0000000e+00  -3.1715000e+00  -5.1900000e-01  -2.0900000e+00   3.8335197e+00
   2.0090000e+03   7.0000000e+00   8.0000000e+00   1.8000000e+01   5.7000000e+01   0.0000000e+00  -3.3055001e+00  -1.0940002e+00  -2.1184998e+00   4.0756850e+00
   2.0090000e+03   7.0000000e+00   8.0000000e+00   1.8000000e+01   5.8000000e+01   0.0000000e+00  -3.1164999e+00  -1.8540003e+00  -1.9754999e+00   4.1294659e+00
   2.0090000e+03   7.0000000e+00   8.0000000e+00   1.8000000e+01   5.9000000e+01   0.0000000e+00  -3.0620000e+00  -2.2705000e+00  -1.1935000e+00   3.9944282e+00
   2.0090000e+03   7.0000000e+00   8.0000000e+00   1.9000000e+01   0.0000000e+00   0.0000000e+00  -3.0205000e+00  -1.9815001e+00  -1.2360000e+00   3.8180438e+00
   2.0090000e+03   7.0000000e+00   8.0000000e+00   1.9000000e+01   1.0000000e+00   0.0000000e+00  -2.7700000e+00  -2.2660000e+00  -1.3300000e+00   3.8179256e+00
   2.0090000e+03   7.0000000e+00   8.0000000e+00   1.9000000e+01   2.0000000e+00   0.0000000e+00  -2.7865000e+00  -2.0960000e+00  -1.6310000e+00   3.8494102e+00
   2.0090000e+03   7.0000000e+00   8.0000000e+00   1.9000000e+01   3.0000000e+00   0.0000000e+00  -3.2085001e+00  -1.9535000e+00  -1.3985000e+00   4.0082961e+00
